# Ten-tile direct derivation wait report

allTenTileShapes: 1900269316
enumeratedDerivations: 5536779
tenpaiReports: 3431439

## Reducibility

### Reducible
count: 3416313
waitCoreCacheHits: 3701891
waitCoreCacheMisses: 295762
waitCoreCacheEntries: 295762

### Irreducible
count: 15126

#### Groups by waitDecompositionCodes
groupCount: 199
waitDecompositionCodes	waitDecompositionCodesKey	count	representativeTiles	representativeWaits
[2535, 2535, 3549, 5577]	214353938640	336	12345567m33s	36m
[2601, 2601, 3549]	236121677	615	44m11122333s	4m2s
[1521, 1521, 1521]	173971789	510	11223344p22s	14p2s
[1521, 1521, 3315, 3315, 4641]	161108242318861	1476	33345567m55p	36m5p
[1521, 1521, 3315, 3315, 3315]	144976377165325	495	55p45678999s	5p369s
[1989, 1989, 1989, 4335, 4335]	158370874164667	540	88m33345666p	8m36p
[1521, 3315]	291733	2088	67788889p22s	5p2s
[2535, 2535, 2601, 2601]	169620606480	1050	77m66777888p	7m69p
[1521, 1521, 3315, 3315, 3315, 5746]	135388238462400013	36	1112344456m	147m
[2535, 2535]	266448	243	67p55667788s	58p
[2535, 2535, 2535, 4394, 5577]	169782229609680	18	1234567899p	369p
[2535, 2535, 2535, 3549, 5746]	170948699780304	30	2333445566m	1247m
[3315, 3315, 3549, 5746, 7293]	182781342666224	24	1234566888m	367m
[2535, 2535, 3315, 3315, 3549, 5577, 5746, 5746]	84940476668729042005200	18	1112233445s	2356s
[2535, 2535, 2535, 3549, 4394]	159144896009424	54	3456778889p	258p
[2535, 2535, 2601, 2601, 3315, 3315, 3549, 5746]	84926142437888993529360	24	3334445566m	24567m
[3549, 4394, 4394, 4394]	200958142552	21	1223345678m	258m
[2535, 2535, 3549, 4394, 4394]	159158831306448	102	1233455678m	258m
[2535, 2535, 2535, 3549]	187005228240	567	22p23456678s	147s
[1521]	277	975	44555566m11s	1s
[1521, 1521, 3315, 3315, 4641, 5746]	135404370327553549	30	2333445666p	36p
[1521, 1521, 3315, 3315, 3315, 3315]	114821290772018701	468	11123m67888p	14m58p
[3315, 3315, 4335, 4335, 4641, 7514]	145687861085108336	48	1113344445m	2356m
[4641, 4641, 7514, 9537]	248193007537	6	1111233555m	234m
[2535, 2535, 3549, 3549]	187030318800	360	34556678m55s	47m
[2535, 2535, 3315, 3315, 3315, 5746]	135388238462446800	12	2233334567m	12458m
[2535, 2535, 3315, 3315, 5577, 5746, 5746]	107248076597956238544	18	4555566789s	34679s
[4641]	409	288	79p33345666s	8p
[3549]	376	288	22334455m13p	2p
[3315, 3315]	291824	234	33345666p34s	25s
[1989, 1989, 2535, 6069, 9537]	196557389857531	6	1111222333s	234s
[2535, 2535, 3315, 3315, 3549, 5746, 5746]	107248054957649325264	12	2344566667p	14578p
[3549, 4641, 5746, 5746]	215880757072	18	2334456888p	367p
[1521, 1521, 4641, 7293]	230768763469	108	23334p12333s	3p3s
[1521, 1521, 3315, 3315, 7293]	182748549232141	348	77789m56777p	7m47p
[1521, 1521, 3315, 3315, 4335, 4335, 4641, 4641, 7514]	72376724120222984923338253	24	4445556678p	45679p
[2535, 2535, 2535, 5577]	214328848080	150	22p12345678s	369s
[1521, 1521, 3315, 3315, 3315, 4641, 7514]	115384772584870491661	18	2223456667m	25678m
[1521, 3315, 3315]	231124885	243	34555567m33s	28m3s
[2535, 2535, 3315, 3315, 3549, 4641, 5746]	107240264447160544464	90	1233455666p	2457p
[1521, 3315, 5746]	272524309	72	5666677899s	9s
[3315, 3315, 3315, 7514]	232233497072	36	4444567888p	3679p
[3315, 3315, 4641, 7293, 7514, 7514]	145710712577961008	18	3335678999p	4578p
[3315, 3315, 3315, 3549, 5746]	170948719878128	42	3456666788m	2578m
[1989, 1989, 2535, 2535]	167133481723	36	2233456777s	1234s
[4335, 4335, 4641, 7293, 7514]	183976647562626	6	6666788999s	578s
[1521, 1521, 7293, 7293]	230803262989	15	77789p12333s	7p3s
[2535, 2535, 2535, 4394, 4394]	159158806215888	36	3455566778p	258p
[3315, 3315, 4641, 7514]	232259214896	72	1233334444s	125s
[2601, 2601, 5577]	270621197	180	4477888999m	47m
[1989, 1989, 2535]	211004155	12	1122333345s	126s
[1521, 1521, 3315, 3315, 3315, 7293, 7514]	115401911707945809421	6	1112333456s	12347s
[2535, 2535, 3315, 3315, 3549, 3549, 5746, 5746]	84940459529605966687440	18	2344555567s	13467s
[1989, 1989, 4335, 4335, 7293, 7514]	145709501391973243	6	1122223444s	134s
[1989, 1989, 4335, 4335, 4641, 7514]	145687861085059963	60	1123333444m	124m
[4335, 4335, 6069]	278824002	30	4446666777p	58p
[1989, 1989, 2535, 6069]	220787135227	30	3344445556p	357p
[1521, 1521, 4641, 4641]	203445143629	192	78889p45556s	8p5s
[2535, 2535, 3549, 4641, 5746]	170965119042768	12	3445678999m	245m
[2535, 2535, 2535, 3315, 3315, 5746, 5746]	107248051809948247248	30	3444455678s	235689s
[2535, 2535, 3549, 4641]	203424490704	24	3345566677m	458m
[4394, 6069]	352052	24	3344455568s	78s
[1989, 1989, 3549, 6069]	220812225787	30	5556777899m	789m
[2535, 2535, 2535, 3315, 3315, 3549, 5746, 5746]	84940459526458265609424	24	2223344556p	13467p
[3315, 3315, 4641, 4641, 7514, 7514]	145710685254341168	42	3335677778m	45689m
[2535, 2535, 2535, 5746, 5746, 7293]	144762852185551056	6	1222233456p	13467p
[7293]	464	90	22234555m89s	7s
[1989, 1989, 2535, 2535, 3549, 4335, 4335, 4394]	79068521798326331443963	24	4445566678m	45679m
[1989, 1989, 4335, 4335, 6069, 6069, 9826]	124280630621681380219	30	4446777888p	5678p
[1521, 1521, 3315, 3315, 5746, 7293]	144762819417232909	6	1233345666m	36m
[5577]	431	90	44556677p12s	3s
[1521, 1521, 3315, 3315, 3315, 3315, 3315, 3315, 7514, 7514]	57331336511105326785587197453	6	3334567888s	23456789s
[4335, 4335, 7514]	293251074	6	1122223333m	14m
[3549, 5746, 5746, 7293]	230784569512	12	1111233456m	236m
[1521, 1521, 3315, 3315, 3315, 4641, 7514, 7514]	91399067259247193470477	18	2223334567p	234578p
[1521, 3315, 3315, 3315, 4335, 4335, 7514]	115382604619577978773	24	2223344445s	12356s
[2535, 2535, 4394, 4394, 4394]	159158848869840	36	1234556677m	147m
[3315, 4335, 4335, 7514]	232254850976	30	4444555566s	367s
[2535, 2535, 3549, 4394, 5577]	169782254700240	18	1234556667p	36p
[1521, 3315, 3315, 4335, 4335, 7514]	145685106842901397	6	6777788999m	5689m
[1989, 1989, 3549, 4394, 4394, 9537]	155657748187348219	6	1233344455s	1345s
[2535, 2535, 4394, 4394, 5577]	169782272263632	24	2344567789p	147p
[1989, 1989, 4335, 4335, 4641, 7293, 7514]	115401927856723278715	6	5556788999m	578m
[3315, 3315, 3549, 5746, 5746]	170977538895344	72	3344556888p	367p
[4335, 4335, 4641, 4641, 7514]	183949323942786	24	2222344666m	1345m
[1989, 1989, 2535, 2535, 4335, 4335, 4394, 4394, 6069, 9826]	61741750446895262793638652667	30	6777888999s	56789s
[3315, 3315, 3315]	231124976	18	2345556666p	147p
[1521, 1521, 2601, 2601, 3315, 3315, 5746, 5746]	84940457033481498875725	18	6667788999p	6789p
[4641, 7514]	370273	48	1333345666p	12p
[2535, 2535, 4641, 5577, 5746, 5746]	135414238154425104	18	1233445555s	1346s
[2535, 2535, 3315, 3315, 3549, 5746, 7293]	114652156126186597584	18	3334456789s	2457s
[3315, 3315, 3549, 4641, 5746]	170965119068144	42	4445677899p	689p
[2601, 2601, 3549, 5746, 7293]	182781342644813	6	1122333555p	1234p
[3315, 3315, 3549, 5577, 5746, 5746]	135414238133750768	6	1222234456s	1347s
[2535, 2535, 3549, 4641, 5577, 5746, 5746]	107248076618329773264	12	5667788889m	4679m
[2535, 2535, 2535, 3549, 5746, 7293]	144762823371551952	6	1233444567p	2358p
[1989, 1989, 3315, 3315, 4335, 4335, 4641, 7514]	91384750495689395516155	24	2223345666m	1346m
[3315, 3315, 7293]	291342320	12	1234445555p	36p
[3549, 5577, 5746, 5746, 5746]	170977575326560	6	3456788889s	3679s
[3315, 3315, 4641, 7514, 9537]	196568861937200	12	6667789999s	578s
[2535, 2535, 3315, 3315, 3549, 5577, 5746]	107247120096390671568	6	3455666789s	2457s
[2601, 2601, 3315, 3315, 3549, 5746]	135391386143456333	24	3344555777p	23456p
[2601, 2601, 3549, 4641, 5577, 5746]	135413046823904333	6	6667788899m	789m
[2535, 2535, 2535, 5577, 5746, 5746]	135414238108634832	12	1234555678s	13469s
[1989, 1989, 3549, 4335, 4335, 4394, 4394]	99834615423384744187	24	3455566677s	23567s
[3315, 3315, 6069, 7514]	232281169136	15	5555667777p	468p
[1521, 1521, 3315, 3315, 3315, 3315, 4641, 4641, 6069, 7514]	57327783885401577495250220557	15	1112334555s	12345s
[2535, 2535, 3549, 4641, 5746, 7293]	144762839790814416	18	5556777889p	679p
[3315, 3315, 4641, 7293, 7514]	183976647535664	6	3335666789p	457p
[3315, 3315, 3315, 5577, 5746]	170976043497968	6	1122223456m	1347m
[3549, 4394, 4394, 5577]	214371555928	12	3445567789s	47s
[2535, 2535, 2535, 3549, 4641, 5746, 5746]	107248067945787745488	18	4556677778s	35689s
[3315, 3315, 7293, 7514]	232293714416	24	5678888999p	457p
[2535, 2535, 3549, 3549, 4641, 5746, 5746]	107248067945812836048	24	2223445567m	3467m
[3315, 7514, 7514]	293302520	6	1222233334m	145m
[1989, 1989, 1989, 4335, 4335, 4335, 4335, 6069, 9826]	77956755120536760525096379	30	4445556777m	45678m
[1521, 1521, 3315, 3315, 5746, 5746]	135414206830695949	18	3456678999m	369m
[2601, 2601, 3315, 3315, 3549, 5577, 5746]	107247120096390675533	6	6677888999p	5678p
[6069, 6069]	352092	15	4446666888p	57p
[3315, 3315, 3315, 4641, 7514, 7514]	145710685228623344	30	2333345666p	12457p
[2535, 2535, 3549, 5746, 5746, 5746]	135414239624104656	12	2333345678s	12458s
[3549, 3549, 4394, 4394]	200958120376	12	2334455667s	36s
[3549, 4641, 5577]	270675088	6	5567788899p	67p
[2535, 2535, 2535, 4641, 5746]	170965093952208	18	3445555678m	3469m
[3315, 6069, 7514]	293284304	6	7777889999s	68s
[2535, 2535, 3549, 5577, 5746]	170976048490704	18	3455678889m	479m
[3549, 5746]	344104	30	3555667788m	34m
[1521, 3315, 4641, 7514]	232259214805	12	5677778889s	489s
[1521, 3315, 3315, 3315, 3315, 4641, 7514, 7514]	91399067259247193542549	18	4445666678s	345789s
[2535, 2535, 4641, 5577, 5746]	170976069190416	6	1234444556p	356p
[2535, 2535, 3549, 3549, 4394]	159144921099984	24	1222334456p	25p
[2535, 2535, 3549, 3549, 5746, 5746, 7293]	114652178950853250768	6	1233444456s	2356s
[2535, 2535, 3549, 5746, 5746, 7293]	144762852210641616	6	4555567789s	3467s
[3315, 7514, 9537]	313374968	6	1111222233s	34s
[2535, 2535, 2601, 2601, 4394, 4394]	126053777010085392	18	4455566677p	47p
[1989, 1989, 4335, 4335, 4335, 4335]	125429779593350011	15	6667777888p	5689p
[1521, 1521, 3315]	231052813	30	2233334455m	256m
[2535, 2535, 2535, 5577, 5746]	170976023400144	12	1222345678p	1369p
[1989, 1989, 2535, 4335, 4335, 6069]	138517837173102331	30	3334445555m	2346m
[4641, 7293, 7514]	293300185	18	6666788889s	79s
[1521, 3315, 3315, 5746]	215839325077	18	3455556788m	28m
[2535, 2535, 2535, 3549, 5746, 5746, 7293]	114652178950828160208	6	3334567789p	24578p
[1521, 1521]	219661	6	1122333344p	14p
[1989, 1989, 2535, 2535, 4394, 4394]	126053774522960635	18	2345556677m	25678m
[2535, 2535, 2601, 2601, 3549, 5746, 7293]	114652156112756248080	6	1122333444m	1235m
[1989, 1989, 4335, 4335, 6069]	174896259033979	6	7777888999s	689s
[2535, 2535, 2535, 3315, 3315, 4641, 5746]	107240261299459466448	18	4455556678s	34679s
[1521, 3315, 3315, 3315, 6069, 7514]	145701615277215637	30	4556666777s	3457s
[3315, 3315, 3549, 5746]	215844343280	6	1112346678p	569p
[2535, 2535, 2535, 4641, 5746, 5746]	135414227179186896	36	4566778888p	34679p
[1989, 1989, 2535, 4335, 4335]	158370892355323	24	5566677778s	4569s
[2535, 2535, 2535, 3315, 3315, 3549, 5746]	107229977825614275792	6	2344555678p	13469p
[2535, 2535, 2535, 3549, 4641, 5746]	135404374281872592	12	1112334567p	2358p
[3315, 3315, 3549, 4641, 5577, 5746]	135413046823925744	18	6666778889p	578p
[4641, 4641, 7514]	293256625	12	2223457999p	678p
[4641, 6069, 7293, 7514]	232293774649	6	6667889999m	78m
[1521, 1521, 3315, 3315, 4641, 7293, 7514, 7514]	91399084414502133941773	6	1234555666p	13456p
[1989, 1989, 3315, 3315, 4335, 4335, 7514]	115382604619577930491	30	5566667888m	4578m
[3315, 3315, 4641, 6069, 7514]	183966711673904	30	4444556777p	356p
[2535, 2535, 2535, 3549, 5746, 5746, 5746]	107248077782290887888	12	2344445678p	235689p
[3549, 4641, 5577, 5746]	215878875280	6	1223456777m	23m
[1521, 3315, 3315, 3315, 4641, 7514, 7514]	115402862701069688725	12	1233334555s	12456s
[1521, 1521, 3315, 3315, 3315, 3315, 3315, 7514]	91374620948953818871309	12	2345556777m	145678m
[2535, 2535, 2601, 2601, 3549, 4641, 5746]	107240264433730194960	30	6677788999s	5678s
[3315, 3315, 3315, 4641, 7514]	183949298198000	12	1113444567p	2358p
[1521, 3315, 3315, 3315, 7514, 9537]	155682518285746069	6	6667788889s	5679s
[2535, 2535, 3315, 3315, 3315, 3549, 5746]	107229977825634348240	24	4555566678s	34679s
[1521, 1521, 1521, 1521]	137785657165	15	1122334455s	1245s
[2535, 2535, 3315, 3315, 4641, 5577, 5746]	107247133080574819536	12	5566667789m	4578m
[4641, 4641, 7514, 7514]	232295628721	6	2224567999s	3478s
[1521, 3315, 3315, 4641, 7514]	183949298197909	18	2344445556s	1567s
[5746, 5746]	344162	9	2345555678p	28p
[2535]	336	6	5667777889p	4p
[1989, 1989, 2535, 2535, 2535, 4394]	126027019234413307	18	2223344567m	23458m
[2535, 2535, 2535, 5577, 5746, 5746, 5746]	107248077809614507728	12	1234567888p	134679p
[3315, 3315, 7514, 7514]	232295596208	12	4555566667m	3478m
[1989, 1989, 2535, 2535, 4394, 5577]	134467525850843899	6	1234455666p	3456p
[1989, 1989, 2535, 9537]	248110755067	6	1222233344m	345m
[1989, 1989, 5577]	270594235	6	1122345666s	123s
[1521, 3315, 3315, 6069, 7514]	183966685955989	6	1223333444m	124m
[2535, 2535, 3315, 3315, 5746, 7293]	144762819417279696	6	4455556789m	3467m
[1989, 1989, 1989, 4335, 4335, 6069, 9537, 9826]	98443833637847304799675	6	1112333444m	1234m
[1521, 1521, 3315, 3315, 3315, 3315, 7293, 7514]	91398314072693138142733	6	4445666789m	34567m
[4641, 4641, 7293, 7514, 7514]	183978172446961	6	4446788889m	5679m
[3549, 5746, 7293]	291394600	6	1233567888p	34p
[1521, 1521, 3315, 3315, 4641, 7293, 7514]	115401927839810962957	6	1222345666m	1236m
[4394, 4394, 4394, 5577]	214371555956	6	1234567789m	147m
[3549, 5746, 5746, 5746]	215880776872	6	1113456789m	2369m
[3549, 5746, 5746]	272576680	6	1234678999m	145m
[3315, 3315, 3315, 3549, 5577, 5746]	135413030424735728	6	1112234567m	2358m
[1989, 1989, 2535, 2535, 3549, 4394, 9537]	123280925527642737403	6	1233344555m	2345m
[2535, 2535, 3549, 4641, 5577, 5746]	135413046823900368	6	1234556777p	356p
[1989, 1989, 2535, 2535, 4394, 4394, 6069, 9537, 9826]	77967516241799107585886971	6	6667778889s	6789s
[1521, 1521, 3315, 3315, 3315, 3315, 3315, 7293, 7514, 7514]	57331355276059328326450165261	6	1112345666s	1234567s
[2535, 2535, 3549, 5577, 5746, 5746, 5746]	107248077809639598288	6	3455556789s	34679s
[1989, 1989, 4335, 4335, 9537]	196536565947259	6	1112222333m	134m
[1989, 1989, 4394, 4394, 5577]	169782272240635	6	1122333456m	1236m
[1521, 1521, 3315, 3315, 4641, 4641, 7514, 9537]	97654051942559346279949	6	1233444555s	2345s
[6069, 9537]	395652	6	6668888999m	7m

## Wait tile count distribution
1 wait tile kinds: 1767387
2 wait tile kinds: 1533417
3 wait tile kinds: 118323
4 wait tile kinds: 10236
5 wait tile kinds: 1974
6 wait tile kinds: 90
7 wait tile kinds: 6
8 wait tile kinds: 6
9 wait tile kinds: 0
10 wait tile kinds: 0
11 wait tile kinds: 0
12 wait tile kinds: 0
13 wait tile kinds: 0
14 wait tile kinds: 0
15 wait tile kinds: 0
16 wait tile kinds: 0
17 wait tile kinds: 0
18 wait tile kinds: 0
19 wait tile kinds: 0
20 wait tile kinds: 0
21 wait tile kinds: 0
22 wait tile kinds: 0
23 wait tile kinds: 0
24 wait tile kinds: 0
25 wait tile kinds: 0
26 wait tile kinds: 0
27 wait tile kinds: 0
28 wait tile kinds: 0
29 wait tile kinds: 0
30 wait tile kinds: 0
31 wait tile kinds: 0
32 wait tile kinds: 0
33 wait tile kinds: 0
34 wait tile kinds: 0

calculationElapsedMs: 0
