# Thirteen-tile direct derivation wait report

generationWorkers: 16
classificationWorkers: 8
bucketCount: 256
generationReused: false

allThirteenTileShapes: 98521596000
enumeratedDerivations: 93251547
tenpaiReports: 54747045

## Reducibility

### Reducible
count: 54707433
waitCoreCacheHits: 59314756
waitCoreCacheMisses: 7282138
waitCoreCacheEntries: 7282138

### Irreducible
count: 39612

#### Groups by waitDecompositionCodes
groupCount: 708
waitDecompositionCodes	waitDecompositionCodesKey	count	representativeTiles	representativeWaits
[32955, 32955, 32955, 33813, 33813]	251344913000387	474	23455566677p99s	147p9s
[25857, 25857, 56355]	428903456	2088	33344556666m22p	3m2p
[32955, 32955, 43095, 43095, 43095, 46137, 72501, 74698, 74698]	109124635720278073000428419	12	4555566677889m	34679m
[19773, 19773, 19773, 43095, 43095, 44217, 44217]	163343269401445392125	1020	11122233344p11z	14p1z
[19773, 43095, 43095, 43095]	327303113333	1812	34444556m66678p	7m69p
[43095, 43095, 60333]	430824898	384	67789m44456777p	58m
[19773, 19773, 43095, 43095, 43095, 60333]	214030831877905469	1089	12334567888s55z	258s5z
[19773, 19773, 43095, 43095, 43095, 43095, 60333]	169512418847349431357	756	22234m12334555s	25m25s
[19773, 43095, 60333]	430824821	2880	23334m44445566s	3m7s
[32955, 32955, 32955, 33813, 33813, 73695, 73695]	173722091215914264515	486	99m45666777888p	9m369p
[32955, 32955, 33813, 33813, 46137, 103173]	226186772512919171	858	55566667778p33s	47p3s
[32955, 32955, 33813, 33813, 46137, 73695, 73695]	173722101839339540099	852	55566677778m44s	69m4s
[32955, 32955, 32955, 46137, 46137]	261981749807555	405	55p12334567789s	258s
[43095, 43095, 56355, 56355, 60333, 60333, 97682]	177665666533806954754	18	3455666678888p	2457p
[32955, 32955, 33813, 33813, 72501]	276132902801027	162	66p12344455566s	6p36s
[19773, 19773, 19773, 43095, 43095]	259224017460989	930	66678m44556677p	69m47p
[19773, 43095, 43095]	413261429	1890	22234m11222233p	25m
[19773, 19773, 43095, 43095, 43095, 43095, 43095]	162601924423381310525	432	11123m23456777p	14m147p
[25857, 25857, 25857, 56355, 56355, 56355, 56355]	168779809089876112736	468	66678m11123444p	69m14p
[32955, 32955, 33813, 33813, 46137]	261968338275971	876	44555666678p66s	47p6s
[25857, 32955, 46137, 56355, 78897]	278909496305960	12	5555666777789s	468s
[32955, 32955, 33813, 33813, 46137, 74698, 74698, 94809]	140520187686689747947139	6	1122333455556m	123467m
[46137, 46137, 57122, 57122, 57122]	269466962024177	15	1223345677889m	258m
[33813, 33813, 46137, 73695, 73695]	276952131541646	558	33344555m44456s	4m47s
[32955, 32955, 46137]	417634115	396	12334m11223344s	25m
[56355, 56355, 56355]	428962931	18	3334444567777p	258p
[33813, 33813, 72501, 103173]	360615206798	108	77888999m56667s	7m6s
[19773, 33813, 33813, 43095, 74698, 162129]	233369397043363733	6	5556677788889m	567m
[25857, 25857, 32955, 32955, 32955, 46137, 56355, 56355, 57122]	106024309033866231401021984	18	2334455566777p	124567p
[19773, 60333]	543893	570	34445p33444455s	4p
[25857, 25857, 32955, 32955, 56355, 56355, 56355, 57122, 57122, 57122, 78897, 127738, 127738]	44948824415983524091835660953959793184	12	2345666777888m	1245678m
[43095, 43095, 43095, 60333, 97682, 97682]	224338320701031106	36	2345555666678p	12478p
[25857, 25857, 56355, 56355, 78897, 123981, 127738]	182123716912029605408	12	1112333444456m	1237m
[43095, 43095, 44217, 44217, 60333]	270242441601922	846	55566677888m22z	47m2z
[19773, 43095, 94809]	450897269	672	34444556789s77z	7s7z
[25857, 56355, 60333, 97682]	357625074920	102	4456677778999p	45p
[19773, 43095, 43095, 60333]	341213319797	450	11m34555567789p	1m28p
[32955, 32955, 32955, 43095, 43095, 46137, 72501, 74698, 74698]	109124635720278072986001347	12	1223344555678s	13469s
[25857, 25857, 46137, 46137, 56355, 56355, 57122, 57122]	133869323873431902812576	24	2334455566677s	23567s
[19773, 19773, 43095, 43095, 43095, 43095, 43095, 56355, 56355, 60333, 94809, 97682, 97682]	43851026743555224670954375504599079997	12	1112334455666s	1234567s
[25857, 25857, 25857, 56355, 56355, 56355]	213105819510879584	243	22234567888m99s	258m9s
[19773, 43095, 43095, 43095, 43095]	259224065821301	216	55567p45666678s	58p39s
[32955, 32955, 32955, 57122, 57122, 72501]	218715381036678083	24	1122334456789s	147s
[25857, 56355, 56355, 94809, 97682]	283254956775464	6	1122223444456p	137p
[32955, 32955, 33813, 33813, 72501, 162129]	233368206727122563	168	11p55566677789s	1p47s
[32955, 32955, 33813, 33813, 46137, 46137, 60333, 73695, 73695, 74698, 74698]	68449955817500953178764180999811	18	1112233344456s	234567s
[25857, 25857, 25857, 56355, 56355, 78897]	220896329999660384	288	55567888p67778s	58p7s
[43095, 43095, 60333, 60333, 94809, 97682, 97682, 97682]	140719362703306956698050	18	1113455556789p	234679p
[19773, 19773, 19773, 60333]	341164959485	1134	22334445556m99s	25m9s
[32955, 32955, 33813, 33813, 73695, 73695]	219346074767568515	942	66777888m45666p	69m36p
[19773, 19773, 43095, 43095, 60333, 60333]	214041848761424957	474	55567789p23334s	58p3s
[25857, 25857, 56355, 56355, 60333, 78897, 94809, 97682]	140719112459517840735776	12	1111222334555s	235s
[25857, 25857, 46137, 56355, 56355, 56355, 57122, 57122, 57122]	106024504754568530572428704	6	1122233345678s	1235689s
[19773, 19773, 43095, 43095, 43095, 43095, 94809]	177410126760455855165	144	12345666p78999s	36p69s
[32955, 32955, 33813, 33813, 72501, 73695, 73695]	173722116003904065155	168	11122233345m66z	36m6z
[46137, 57122, 78897, 123981]	366084358073	6	3344455567889s	78s
[43095, 43095, 43095, 97682, 123981]	289944260004034	6	1222233456666p	1347p
[56355, 56355, 78897, 78897, 127738]	290332286788787	84	3335666678888m	457m
[25857, 25857, 25857, 46137, 57122]	269457475238240	24	3344556677788m	3678m
[43095, 43095, 43095, 60333]	341213319874	30	4455667778888s	369s
[19773, 19773, 43095, 43095, 43095, 43095, 43095, 43095, 56355, 56355, 60333, 97682, 97682]	43851023635754240954762042953377406013	12	2223344556777m	12345678m
[25857, 25857, 25857, 56355, 56355, 56355, 56355, 56355, 78897, 123981, 127738, 127738]	56753569618598508570967736113411424	6	1112345666777p	1234567p
[32955, 32955, 33813, 33813, 103173]	285575945817731	576	66677788p78889s	58p8s
[25857, 25857, 43095, 43095, 56355, 56355, 60333, 78897, 97682]	111447576954620572115058656	72	4445555667778m	4679m
[33813, 33813, 56355, 56355, 73695, 73695, 78897, 127738]	144235071749670631189262	48	3334444566777s	3568s
[32955, 32955, 43095, 43095, 46137, 60333, 74698, 94809]	140520182077532144432003	30	3333444556789p	2457p
[25857, 25857, 56355, 56355, 56355, 78897, 78897, 127738]	144235073299903526407712	12	2224555678999m	34569m
[32955, 32955, 46137, 57122, 57122, 72501]	218715381055496003	42	1223344566789p	369p
[25857, 25857, 43095, 43095, 56355, 56355, 56355, 60333, 97682]	111443275912251768813567968	42	3455566667888m	24578m
[32955, 32955, 43095, 43095, 43095, 46137, 74698, 94809]	140520175530749112976259	24	1234555566678s	34679s
[44217, 44217, 60333, 94809]	357128264461	174	11122233444m99s	3m9s
[43095, 43095]	521794	108	11123456777m34p	25p
[19773, 19773, 43095, 43095, 43095, 94809]	224002685303544893	222	11123456789m11s	147m1s
[32955, 32955, 32955, 46137, 72501, 74698]	219656921678399939	24	1234455667778m	3689m
[43095, 43095, 43095, 44217, 44217, 60333, 78897, 97682]	140716637560298316618946	18	4445556677788p	36789p
[33813, 33813, 72501, 73695, 73695]	276952154123150	174	78999m11122233p	69m3p
[43095, 43095, 78897, 94809, 97682]	283254972437314	24	4556678888999p	457p
[32955, 32955, 33813, 33813, 56355, 57122, 57122, 73695, 73695, 127738]	90472693986943882788716932739	30	3334444555566m	367m
[43095, 43095, 60333, 78897, 94809, 97682, 97682]	177675962610797876674	18	5666677889999s	4578s
[32955, 32955, 32955, 46137, 57122, 78897]	220896714534468035	18	2233344455677s	1467s
[19773, 19773, 19773, 19773, 43095, 43095, 44217, 44217, 56355, 56355, 60333, 60333, 97682]	43848485639730448254803173876328685821	24	4445556667788s	456789s
[25857, 25857, 25857, 56355, 56355, 123981]	229621701747094880	90	12333p11123444s	3p14s
[19773, 43095, 43095, 43095, 56355, 56355, 78897, 94809, 97682]	111449537067003256215657077	6	4445566667789m	34578m
[33813, 33813, 46137, 72501, 162129]	294656843611790	174	88m12222333444p	8m3p
[32955, 32955, 43095, 43095, 46137, 60333, 72501, 74698, 74698]	109124635726824856031884163	42	1112345567789s	23568s
[19773, 43095, 43095, 43095, 43095, 60333, 97682, 97682]	140719352396211576195701	6	2345556777789s	145689s
[32955, 56355, 56355, 57122, 127738]	290320348073027	24	4444555566667s	378s
[32955, 32955, 33813, 33813, 43095, 43095, 46137, 46137, 74698, 74698]	86426704453602483228581715587	18	1233334445566m	124567m
[19773, 19773, 43095, 60333]	341213258813	30	2333444555566s	236s
[33813, 33813, 43095, 43095, 46137]	261978286685390	18	2233444456666s	12357s
[25857, 25857, 56355, 56355]	339738582560	486	66m45666678999s	6m39s
[25857, 56355, 56355, 56355, 56355, 78897, 78897, 127738, 127738]	114239846641168735586481704	12	3334555567999m	234678m
[32955, 32955, 33813, 33813, 162129]	294625528708739	174	12333m22333444p	3m25p
[25857, 56355, 56355, 78897, 78897, 127738]	229943171136719912	12	1113444555567s	2348s
[43095, 43095, 43095, 46137, 60333, 74698]	219651019790959810	54	1123344556666p	1247p
[19773, 43095, 60333, 74698]	350173158773	60	5666777889999p	6p
[43095, 43095, 44217, 44217, 46137, 74698, 74698]	173969216843484353410	24	2233344455777p	256p
[32955, 32955, 32955, 46137, 60333, 74698]	219651019776514499	30	2233445555667m	1467m
[33813, 33813, 46137, 103173]	360592625294	354	44455666p67778s	5p7s
[19773, 43095, 43095, 43095, 43095, 78897, 97682]	177672511153718053493	24	1112222334567s	13458s
[43095, 43095, 43095, 60333, 78897, 97682]	224333992639648450	30	3445566667777m	2458m
[56355, 56355, 56355, 78897, 127738]	290332271107187	60	3334567777999s	2458s
[32955, 32955, 43095, 43095, 46137, 60333, 60333, 74698]	137779183824939646219139	30	3444556678999s	2457s
[33813, 33813, 46137, 72501, 103173]	285607260720782	174	11122223334p11s	3p1s
[25857, 43095, 43095, 56355, 60333, 94809, 97682]	177675638387216912528	12	1111223344555m	346m
[25857, 56355, 56355, 56355, 78897, 127738]	229943158716892712	12	5555677778999m	4689m
[25857, 46137, 56355]	428948600	24	1123333445555p	126p
[19773, 19773, 43095, 43095, 43095, 43095, 44217, 44217, 60333, 60333, 78897, 97682]	55366385905863722939375946038926397	15	5556677788999s	56789s
[60333]	686	150	3333555667788m	4m
[32955, 32955, 32955, 33813, 33813, 46137, 74698, 74698, 94809]	111291988647858280374134723	6	1122333456777s	123568s
[43095, 43095, 56355, 56355, 60333, 60333, 97682, 97682]	140719352407240895224066	36	2222344566667s	134578s
[25857, 43095, 43095, 56355, 94809, 97682]	224337925750526096	24	5666677888899m	479m
[43095, 43095, 46137, 60333, 74698, 74698]	219658112510268034	60	2334456678888p	3679p
[32955, 32955, 32955, 43095, 43095, 46137, 46137, 74698]	137773994407338624245699	6	2233445556678p	14679p
[32955, 32955, 46137, 46137, 60333]	270244431265091	18	3455566677899p	478p
[43095, 43095, 60333, 60333, 97682, 97682, 123981]	181871620322166342082	18	1233455556888s	3467s
[19773, 19773, 19773, 94809]	357062338301	246	44m12333445566p	4m36p
[19773, 43095, 74698, 74698]	350184449525	54	2222334455678m	58m
[32955, 32955, 32955, 46137, 72501]	276146314332611	300	55m23456677889s	147s
[25857, 56355, 56355, 56355, 56355, 57122, 78897, 127738]	144235065821013457237544	18	3455556666777p	23478p
[19773, 43095, 43095, 56355, 56355, 78897, 94809, 97682]	140719112458337444716661	6	1122223345666s	1346s
[25857, 56355, 56355, 56355, 127738, 127738]	229954569060537896	18	2223444455556s	12367s
[25857, 33813, 33813, 46137, 56355, 56355, 73695, 73695, 127738]	114233199478152475648649648	6	5556777788999p	5689p
[19773, 43095, 43095, 74698]	350155595381	72	2222334456788p	58p
[32955, 32955, 33813, 33813, 43095, 46137, 73695, 73695]	137587904664626120154755	24	4444555566677p	3678p
[32955, 32955, 32955, 46137, 46137, 60333, 60333, 74698, 74698]	109124632024774275226372547	12	2334455667888m	13467m
[43095, 43095, 60333, 60333, 94809, 97682]	224337927258468802	6	3335666778899p	457p
[56355, 56355, 78897, 123981, 127738]	290346196995251	36	1112222344445s	356s
[43095, 43095, 43095, 46137, 74698, 94809]	224020787946939586	30	2345677789999m	1478m
[32955, 32955, 32955, 46137, 60333, 72501, 74698, 74698, 74698]	109124636471917545304644035	12	1234555566778p	134679p
[32955, 32955, 72501]	440215619	78	33445566m56789s	47s
[33813, 33813, 43095, 43095, 43095, 46137, 74698]	173957060891408698574	6	1113334455678s	234569s
[32955, 32955, 32955, 43095, 43095, 60333, 74698, 74698]	137783626282886533275587	48	2222334445566p	13467p
[32955, 32955, 32955, 33813, 33813, 57122, 73695, 73695, 127738]	114233199478446376947247043	18	3334445556788m	258m
[19773, 43095, 43095, 43095, 43095, 60333, 78897, 94809, 97682, 97682]	88268190128790819297132890741	6	4445666677889p	345789p
[33813, 33813, 60333, 74698, 162129]	294658347163598	6	5566677789999m	567m
[19773, 43095, 43095, 94809]	357110698613	186	12345666678p66s	39p6s
[94809]	718	36	89p11123456777s	7p
[60333, 97682]	570134	18	1345666678999s	12s
[25857, 56355, 56355, 60333, 94809, 97682]	224337927256606760	6	3455556788999s	278s
[25857, 25857, 32955, 32955, 46137]	261966845993504	12	2344566667788p	3789p
[32955, 32955, 74698, 103173]	360617086211	12	2233344457888m	679m
[25857, 25857, 25857, 56355]	339691537760	30	2233334455666p	256p
[25857, 25857, 46137, 56355, 56355, 72501]	218714987098555808	6	1122233445666m	1235m
[19773, 19773, 43095, 43095, 60333, 94809]	224013702187064381	408	66m12233445666p	6m36p
[19773, 43095, 43095, 60333, 97682]	283239043695221	42	1233334567778s	6789s
[25857, 25857, 25857, 56355, 56355, 56355, 56355, 56355, 78897, 127738]	90473464131683914391267292512	24	3334555678999p	234569p
[25857, 25857, 32955, 32955, 33813, 33813, 56355, 56355, 73695, 73695, 78897, 78897, 127738]	44946594058173937908852666032479056416	18	3334445567888p	234568p
[43095, 43095, 56355, 56355, 97682, 97682]	224338319226333442	12	2345566667777s	12458s
[32955, 46137]	527315	6	1223333445567p	6p
[19773, 19773, 19773, 43095, 43095, 74698]	219639999381528317	18	1123444556677s	147s
[25857, 25857, 32955, 32955, 56355, 56355, 57122, 78897, 127738]	114234172130242634255958560	12	2333444555567p	12348p
[25857, 25857, 32955, 56355, 56355, 57122, 78897]	174950205017426993696	30	1233444455566p	12567p
[25857, 25857, 56355, 56355, 60333, 94809, 97682, 97682]	140719362379094320823840	6	1222234456777p	1347p
[43095, 43095, 43095, 46137, 74698]	277326709155010	18	3345555667788p	3469p
[43095, 43095, 43095, 94809, 97682, 97682]	224338336598409922	36	1234567777888m	13469m
[19773, 19773, 43095, 43095, 56355, 56355, 60333, 94809, 97682, 97682]	88268190123360220082116652093	6	4445556778899m	45679m
[19773, 43095, 43095, 43095, 78897, 97682]	224333978729441909	6	3334567777889m	3689m
[43095, 43095, 43095, 56355, 56355, 60333, 97682, 97682]	140719352406060499165378	48	3444455677778s	235689s
[25857, 25857, 43095, 43095, 56355, 56355, 56355, 97682]	140710466549784575918048	12	1112345666677s	14578s
[32955, 32955, 43095, 43095, 46137, 60333, 60333, 72501, 74698]	109124045619961723611280259	6	1233445556777s	2356s
[25857, 56355, 56355, 127738, 127738]	290346678106664	12	1222233334555p	1456p
[32955, 32955, 46137, 46137, 72501]	276146333150531	168	34556677889p22z	47p
[33813, 33813, 46137, 162129]	372018866318	102	22233444m12333p	3m3p
[19773, 19773, 19773, 19773, 43095, 43095, 43095, 43095, 44217, 44217]	81147807209983993086249656573	15	3344455566677m	3467m
[19773, 43095, 43095, 60333, 60333, 97682]	224325336516883061	12	2333444456678s	1237s
[32955, 32955, 32955, 46137, 46137, 74698, 74698, 74698, 94809]	111291988660022113573439939	6	1233456777789m	235689m
[33813, 33813, 43095, 43095, 43095, 46137, 72501, 74698]	137782879328740883401934	6	1112223344567m	23458m
[43095, 43095, 97682, 97682, 97682]	283255476130306	6	3456777788889s	23569s
[78897, 78897, 127738]	462855012	24	2223455557999s	678s
[19773, 43095, 43095, 43095, 56355, 56355, 94809, 97682]	140719104667814536108661	6	1234445566667s	34578s
[33813, 33813, 73695, 73695, 78897, 78897, 127738]	182114991550230601742	24	1112222344666p	1345p
[25857, 25857, 32955, 32955, 46137, 57122, 57122]	169026916976468845088	12	2233444566778m	12347m
[43095, 56355, 56355, 97682, 123981]	289944275705434	6	4455556666789p	347p
[46137, 46137, 57122, 57122, 72501]	276155784161009	6	3445566777889s	47s
[25857, 32955, 56355, 57122, 78897, 127738]	229943159213647784	12	5666777788889m	456m
[19773, 19773, 43095, 43095, 43095, 56355, 56355, 60333, 97682, 97682]	88268183867635132948472126525	18	3334445667788m	345689m
[43095, 43095, 60333, 60333, 78897, 97682]	224333992657211842	24	4445667789999p	568p
[46137, 72501]	555857	90	1122334467889s	7s
[25857, 32955, 57122]	429552104	6	5566667777889p	59p
[43095, 43095, 94809]	450897346	72	44456777m56789p	47p
[25857, 56355, 56355, 56355, 56355, 78897, 127738]	182114981703779087912	18	4444566667888m	35789m
[46137, 56355, 56355, 57122, 78897]	278910004427873	12	2233344456778s	679s
[32955, 32955, 32955]	398816195	108	22334455m45678s	369s
[43095, 43095, 43095, 60333, 60333, 97682, 97682, 97682]	140719362690716215112386	24	2344445677778m	235689m
[32955, 32955, 43095, 43095, 46137, 46137, 60333, 74698, 74698]	109124632018230242952672131	84	2344566778999p	14578p
[32955, 32955, 32955, 33813, 33813, 74698, 103173]	179152077026594482115	18	4555677788899m	34569m
[32955, 32955, 32955, 43095, 43095, 43095, 46137, 74698, 74698]	109124626833175327804415939	18	3444455566778m	235689m
[56355, 56355, 60333, 78897, 94809, 97682]	224337938187936563	12	6666778889999s	578s
[25857, 25857, 43095, 43095, 56355, 56355, 60333, 94809, 97682, 97682]	88268190123360220082116673504	6	2223455678999p	24578p
[32955, 32955, 43095, 43095, 46137, 46137, 72501, 74698, 74698, 74698]	86426712085752151863908168579	6	3455556677889s	34679s
[32955, 32955, 46137, 57122, 72501, 78897]	220903412814491459	6	1122233344566s	356s
[25857, 25857, 32955, 32955, 57122, 78897, 123981, 127738]	144241983794697078477344	6	1222333444456p	1237p
[56355, 56355, 78897]	444644531	42	6666777789999m	58m
[25857, 25857, 32955, 32955, 46137, 56355, 56355, 57122, 123981]	114074669774419082353893920	6	2223344456789p	23457p
[25857, 32955, 46137, 56355, 56355, 78897]	220896330035435816	18	4444555666678s	3579s
[25857, 43095, 43095, 43095, 56355, 97682]	224324142226299536	36	4555566777788m	3689m
[32955, 32955, 43095, 43095, 60333, 72501, 74698, 74698]	137783630968209724490627	18	1111223334455p	2356p
[32955, 32955, 43095, 43095, 43095, 46137, 60333, 74698]	137779177278156614763395	36	2222333445678p	13469p
[43095, 43095, 43095, 60333, 60333, 97682]	224325336516883138	18	2224555667788p	3469p
[25857, 25857, 32955, 32955, 46137, 56355, 56355, 57122, 72501]	108656289306474158171939360	6	1223344455666p	13456p
[25857, 33813, 33813, 46137, 56355, 56355, 56355, 73695, 73695, 127738]	90472693986696767809426221488	24	4445666677888p	45789p
[25857, 25857, 32955, 32955, 56355, 56355, 57122, 57122, 57122, 78897, 123981, 127738, 127738]	44948827137930173794792033949040247328	6	1234555666777m	134567m
[43095, 43095, 60333, 94809, 97682, 97682]	224338336615973314	18	1234444555567p	1367p
[32955, 32955, 32955, 60333, 72501, 74698, 74698, 74698]	137783631908986780809155	30	1112345677889s	235689s
[43095, 43095, 43095]	413261506	108	66678999p45678s	369s
[32955, 32955, 46137, 46137, 60333, 72501, 74698, 74698, 74698]	109124636471917545323461955	6	3455667788889m	34679m
[25857, 43095, 43095, 56355, 56355, 60333, 97682]	177665665353410896016	6	2344445677888s	1679s
[19773, 19773, 43095, 43095, 60333, 74698, 74698]	173969225104654670909	30	2223455677889m	258m
[43095, 43095, 43095, 60333, 78897, 97682, 97682]	177675958665249608386	30	4555566778888s	34679s
[19773, 33813, 33813, 43095, 43095]	259224053260181	18	4455666678999m	3459m
[46137, 74698]	558233	6	1345666778899p	12p
[25857, 25857, 46137, 57122, 57122, 72501]	218715381055474592	6	1122333455667m	1236m
[25857, 25857, 56355, 56355, 78897, 78897, 127738]	182114991540282170912	12	2223457888999m	6789m
[25857, 25857, 46137, 56355, 56355, 78897]	220896330035414432	12	3455567778999m	2567m
[46137, 74698, 94809]	450933785	6	2233445557789m	67m
[19773, 43095, 60333, 60333, 97682]	283239061258613	6	1222333345567s	126s
[43095, 43095, 46137, 60333, 72501, 74698, 74698]	173969231020471214722	6	2344566788889s	3679s
[32955, 32955, 46137, 57122, 57122, 57122]	213417833923125059	84	2334455677889p	258p
[60333, 97682, 97682]	451572950	18	1234666678999m	145m
[19773, 43095, 43095, 43095, 43095, 43095, 60333, 78897, 97682, 97682]	88268188168669711241284897397	12	3334555566778p	2346789p
[19773, 94809]	569237	162	67777889m12333p	3p
[33813, 33813, 60333, 73695, 73695, 74698]	219657727508781518	24	4455566678888m	4569m
[32955, 32955, 32955, 43095, 43095, 46137, 74698, 74698, 74698]	109124636460688189839728579	12	3344556777789p	235689p
[43095, 43095, 60333, 78897, 94809, 97682]	224337938187916738	18	3334556666789p	457p
[43095, 43095, 60333, 97682, 97682]	283255455430594	24	3444456666789m	2359m
[32955, 32955, 46137, 46137, 60333, 60333, 72501, 74698, 74698]	109124635726833122176466243	6	1223344556777m	2356m
[43095, 43095, 43095, 46137, 60333, 72501, 74698]	173968290246873629890	24	1112234567789m	2358m
[43095, 56355, 56355, 94809, 97682, 97682]	224338336614111322	6	1234455556666s	1347s
[43095, 43095, 43095, 78897, 97682]	283249973143234	60	3445567777888p	3469p
[32955, 32955, 57122]	429552131	18	4556666777889m	39m
[32955, 32955, 46137, 72501]	348669588803	6	3345566778899m	47m
[43095, 43095, 43095, 60333, 97682, 123981]	229635867833402050	12	3456667789999m	2578m
[43095, 43095, 43095, 97682, 97682, 97682]	224338337095203010	6	2345666677778s	124589s
[32955, 32955, 33813, 33813, 43095, 43095, 46137, 72501, 73695, 73695, 74698, 74698, 103173, 167042]	36177644429955848813954888714316678323843	6	5666777888999p	45678p
[60333, 60333, 97682]	451546814	12	2233445557999p	678p
[19773, 33813, 33813, 43095, 73695, 73695, 74698]	173968920173044756373	24	4445566677778m	4569m
[33813, 33813, 43095, 43095, 46137, 60333, 72501, 73695, 73695, 74698]	86426557079419912331215273166	6	4566677888999m	35678m
[43095, 43095, 60333, 60333, 60333, 78897, 97682, 97682]	140719359262891617612226	12	2224566778999m	34578m
[32955, 32955, 46137, 60333, 72501, 74698]	219656932129872707	6	1122334444556m	356m
[33813, 33813, 72501, 162129]	372041447822	30	77789p77888999s	7p7s
[33813, 33813, 43095, 46137]	330780649166	12	1122333345555s	1246s
[25857, 25857, 46137]	417612704	24	4455556677899m	489m
[32955, 32955, 46137, 46137, 57122, 57122]	213417824484056387	54	2334455666778s	369s
[43095, 43095, 46137, 74698, 74698]	277346088476290	12	1112346677889p	569p
[43095, 43095, 46137, 60333, 74698]	277337146200706	6	1123345678999p	124p
[32955, 32955, 46137, 60333, 72501]	276156765805379	6	2234455566789s	347s
[19773, 43095, 43095, 43095, 43095, 60333, 94809, 97682, 97682]	111449735004232853200915061	6	1234445666678s	345789s
[32955, 32955, 32955, 46137, 57122, 72501]	218715371597609411	24	1234556677899m	369m
[32955, 32955, 33813, 33813, 33813, 46137, 73695, 73695]	137587904656756917640835	6	5556777788899p	5689p
[32955, 32955, 32955, 46137, 60333, 72501, 74698, 74698]	137783630968213187615171	12	2333344556789s	12457s
[32955, 32955]	503555	6	2345667777889p	14p
[43095, 56355, 56355, 56355, 97682]	283237569017434	12	3344445555678p	2369p
[25857, 32955, 32955, 46137, 56355, 56355, 57122, 57122, 103173, 127738]	90476096112197704710041774504	6	5556667777889s	5689s
[60333, 78897, 97682]	451564238	18	3445567777999s	48s
[25857, 43095, 43095, 56355, 60333, 97682]	224325335026503824	24	4445567788889p	356p
[32955, 32955, 43095, 43095, 46137, 46137, 72501, 74698]	137782879331495104279427	6	1122334445567p	3568p
[32955, 32955, 32955, 60333, 72501, 74698, 74698]	173969231020452378563	18	2345555667789m	14679m
[19773, 43095, 43095, 43095, 43095, 56355, 56355, 78897, 97682]	111447576214200618758228597	12	3334455556678m	234679m
[25857, 25857, 43095, 43095, 43095, 56355, 56355, 97682, 97682]	111449726365179961982070752	12	3456677778999m	235689m
[19773, 19773, 43095, 43095, 43095, 60333, 74698]	173963604920219229245	42	1123344556777m	147m
[32955, 32955, 32955, 46137, 57122, 57122]	213417824465238467	66	2344556667778p	147p
[25857, 25857, 32955, 32955, 46137, 56355, 57122]	169026605356049293856	24	2223344445566p	23567p
[25857, 25857, 32955, 56355, 56355, 72501]	218714987079737888	6	3444455566789p	2567p
[25857, 25857, 32955, 32955, 32955, 46137, 57122]	169020984384693600800	12	1112233456678s	12347s
[32955, 32955, 32955, 43095, 43095, 46137, 60333, 74698, 74698]	109124632018227488717365187	60	2222333444556s	13467s
[32955, 32955, 33813, 33813, 43095, 43095, 46137]	164329548019424976515	18	3444455556677s	23678s
[19773, 19773, 43095, 43095, 43095, 60333, 60333, 97682]	140711207884926185135165	18	1112233445556p	14567p
[25857, 25857, 56355, 56355, 97682]	283237568957984	18	1112344445677s	17s
[19773, 43095, 43095, 43095, 43095, 43095, 78897, 97682, 97682]	111449732527473758607723125	12	3333445567888m	2456789m
[43095, 43095, 46137, 72501, 74698, 74698, 94809]	177424479420287548546	6	1222234456789m	1347m
[19773, 43095, 43095, 43095, 56355, 56355, 60333, 60333, 78897, 97682]	88266480948799913068514728565	24	4445666778888s	45679s
[32955, 32955, 46137, 46137, 72501, 74698]	219656921697217859	6	1222334455567s	136s
[25857, 25857, 43095, 43095, 56355, 56355, 60333, 97682, 123981]	114081511904316021370175456	12	1222233345666s	1346s
[32955, 32955, 32955, 46137, 46137, 74698, 94809]	177424464057439259075	12	1233444556677s	2358s
[19773, 43095, 43095, 43095, 56355, 56355, 60333, 78897, 97682]	111447576954620572115098229	24	5667778888999s	45679s
[43095, 43095, 43095, 56355, 56355, 60333, 78897, 97682]	140716637568965368832194	12	3455666677999p	24578p
[25857, 25857, 32955, 32955, 78897]	278885631398432	12	1122223334567s	1358s
[56355, 56355, 60333, 60333, 97682, 97682]	224338320718614323	18	2224556677999s	3478s
[32955, 32955, 32955, 43095, 43095, 46137, 72501, 74698, 74698, 74698]	86426712085752149109672861635	24	1223344567888s	134679s
[19773, 43095, 43095, 43095, 43095, 43095, 97682, 97682, 123981]	114081520041026959769291381	6	1222233456777m	1345678m
[43095, 43095, 60333, 78897, 97682, 123981]	229635878780413378	6	1111223334444s	235s
[33813, 33813, 43095, 43095, 46137, 73695, 73695, 74698, 74698, 103173, 103173, 167042]	57675310626856236293014759800437966	24	1113444555666m	23456m
[25857, 25857, 56355, 56355, 57122, 78897]	220896723506830880	12	4566777788899m	4589m
[43095, 43095, 56355, 56355, 94809, 97682]	224337925766207746	6	4555566789999m	3467m
[32955, 32955, 33813, 33813, 46137, 57122, 57122, 103173]	141883523282781353332355	30	3444555566677m	47m
[43095, 43095, 56355, 56355, 60333, 94809, 97682, 97682]	140719362379094320863490	18	1222234455556p	13467p
[32955, 32955, 33813, 33813, 46137, 46137, 60333, 74698, 74698, 162129]	91821561297677093209484054147	6	4445566677789p	56789p
[19773, 33813, 33813, 43095, 103173]	285585881681813	30	4455556667888s	468s
[19773, 19773, 43095, 43095, 43095, 56355, 56355, 60333, 60333, 97682, 97682]	69908401623753437898248613256253	24	3334445566778s	345689s
[32955, 32955, 32955, 46137, 60333, 74698, 74698, 94809]	140520187694965822118339	18	4555566777889p	34679p
[32955, 32955, 33813, 33813, 46137, 57122, 73695, 73695, 78897, 127738]	90473468045985703340439031427	30	3345555666777s	346s
[43095, 43095, 43095, 94809, 97682]	283254941074114	24	1234445555678m	3689m
[19773, 19773, 43095, 43095, 43095, 43095, 43095, 94809, 94809, 97682, 97682]	69908406583950101097399121239101	6	1112345666789m	1234567m
[46137, 57122, 57122, 57122, 72501]	276155784176057	12	1223334456789s	369s
[43095, 43095, 56355, 56355, 60333, 94809, 97682]	177675638387232594178	12	3455678888999s	2457s
[19773, 19773, 43095, 43095]	327303052349	18	1122333344456s	147s
[25857, 25857, 56355, 56355, 56355, 78897, 127738]	182114981703779028512	24	1112223456666s	12347s
[25857, 43095, 43095, 56355, 97682]	283237553315984	6	4455556777789m	346m
[43095, 43095, 56355, 56355, 60333, 97682]	224325335042185474	18	3455677778888m	2569m
[25857, 25857, 56355, 56355, 56355, 56355, 56355, 123981, 127738]	114239644995023068599258656	12	1112345555666p	123467p
[19773, 43095, 43095, 43095, 43095, 78897, 94809, 97682, 97682]	111449735011088502431042165	12	4445677889999s	345678s
[25857, 25857, 32955, 32955, 78897, 123981]	229631514421105184	6	1111222333456p	2347p
[19773, 43095, 43095, 43095, 56355, 56355, 78897, 97682]	140716636634091690351221	24	2223455666677s	24578s
[43095, 43095, 43095, 56355, 56355, 60333, 97682]	177665665353410896066	12	2222344555678m	13469m
[25857, 25857, 32955, 32955, 46137, 78897, 78897]	174957676801367892512	18	2333445556777s	1345s
[56355, 56355, 56355, 78897]	352158469235	12	2224444555678p	369p
[43095, 43095, 43095, 46137, 74698, 74698]	219658102073222338	48	2344455667999s	1478s
[32955, 32955, 32955, 43095, 43095, 44217, 44217, 46137, 60333, 74698, 74698]	68449953178282188836848478674883	18	3344455566777p	23568p
[56355, 56355, 56355, 78897, 78897, 127738, 127738]	182124028544869043315	12	2223455556888m	13467m
[32955, 32955, 33813, 33813, 33813, 43095, 43095, 72501, 73695, 73695, 73695, 73695, 74698, 74698, 103173, 167042]	22692933955711825550687710951610634903326105219	6	1112223334555s	123456s
[19773, 43095, 43095, 74698, 94809]	282854525845109	12	2344445677789p	17p
[32955, 32955, 43095, 43095, 46137, 60333, 72501, 74698]	137782885875523914855299	36	1233455666789s	2457s
[19773, 19773, 43095, 43095, 43095, 74698, 74698]	173969214087771151421	18	2223455566778p	258p
[19773, 43095, 56355, 56355, 60333, 60333, 97682]	177665666533806954677	6	1233334445567p	4568p
[33813, 33813, 43095, 43095, 46137, 74698, 74698]	173969216841992076494	6	2233444567999m	123478m
[19773, 33813, 33813, 43095, 73695, 73695, 74698, 103173]	141888465285976436961173	30	4445556667777s	4568s
[25857, 25857, 43095, 43095, 44217, 44217, 56355, 56355, 60333, 97682, 97682]	69908401623167026231231611559904	24	2223344555666s	23457s
[25857, 25857, 32955, 57122, 78897, 123981]	229631538763966496	6	4555666677789s	3579s
[78897, 123981]	583620	12	1111222234444m	3m
[32955, 32955, 32955, 43095, 43095, 46137, 60333, 60333, 74698]	109121113589352199805558723	12	1112333445567s	23568s
[56355, 56355, 56355, 60333, 60333, 97682]	224325336532584563	15	1113345555678p	23469p
[43095, 43095, 60333, 60333, 97682, 97682, 97682]	177675962993328554434	6	1234566667999s	14578s
[32955, 32955, 33813, 33813, 57122, 57122, 72501, 162129]	146383489177121765260931	6	1233344455566m	36m
[43095, 43095, 46137, 60333, 74698, 94809]	224020798383985282	24	4456677889999m	457m
[56355, 73695, 73695, 78897, 127738]	290332283668307	24	1113344445555p	236p
[32955, 32955, 32955, 43095, 43095, 46137, 60333, 74698]	137779177278156600336323	42	2233444555566m	13467m
[33813, 33813, 46137, 60333, 72501, 74698]	219656932129875086	6	1122233456777m	123m
[19773, 19773, 19773, 19773, 43095, 43095]	205305421829103869	12	3455566778899m	25689m
[32955, 32955, 32955, 43095, 43095, 43095, 74698, 74698]	137783617557514785841091	12	2333344556677m	124578m
[25857, 25857, 56355, 56355, 56355, 60333, 97682]	177665665353426538016	60	2234444567888p	2358p
[25857, 25857, 32955, 32955, 46137, 56355, 56355, 57122, 78897]	109739965400063143008330272	18	2344566677888m	35678m
[25857, 25857, 32955, 32955, 46137, 56355, 56355, 57122, 57122]	106024504507758052140704288	6	2344455666789p	134569p
[19773, 19773, 43095, 43095, 43095, 74698, 94809]	177424461299755211837	12	1112345677789p	147p
[78897, 78897, 123981, 127738]	366598733604	12	4446788889999p	567p
[19773, 43095, 74698, 94809]	357139552757	12	1233345566667p	3p
[25857, 25857, 32955, 32955]	315862405664	12	2345677778899m	1489m
[32955, 32955, 32955, 43095, 43095, 60333, 72501, 74698]	137782885872769679548355	12	1122223345678m	13469m
[43095, 43095, 44217, 44217, 60333, 78897, 94809, 97682]	140719112459506897527682	12	1122233444555p	1236p
[25857, 25857, 46137, 72501, 78897, 78897]	220906175480832416	6	4445666778889m	678m
[25857, 25857, 32955, 32955, 46137, 123981]	229614595635700256	12	3455556677789p	2678p
[19773, 19773, 43095, 43095, 60333, 78897]	220897497991552061	24	2223344455677m	2567m
[25857, 25857, 44217, 44217, 56355, 56355, 60333, 97682, 97682]	111449727105599916831201440	24	4445566777999m	45678m
[78897]	708	24	3334566668888m	7m
[43095, 43095, 60333, 97682, 123981]	289944277567426	12	4444555567789p	367p
[25857, 32955, 32955, 46137, 57122, 57122]	213417824465238440	6	5566677778899m	569m
[60333, 97682, 123981]	462236438	12	1233456666888m	37m
[25857, 25857, 32955, 32955, 72501]	276131410518560	18	2233444456789p	1237p
[25857, 25857, 56355, 56355, 60333, 97682, 97682]	177675950007652105760	24	1112344567999p	1478p
[56355, 56355, 56355, 60333, 94809, 97682]	224337927256606835	6	3456666788999m	2578m
[43095, 43095, 60333, 60333, 78897, 94809, 97682, 97682]	140719362387751935889858	12	3334556678999p	4578p
[19773, 19773, 43095, 43095, 94809, 94809]	224026292911086653	30	12333p12345666s	3p36s
[25857, 25857, 32955, 32955, 46137, 56355, 56355]	168779801983764718112	30	2344455666678m	13459m
[43095, 43095, 60333, 94809]	357128262082	18	3455678889999m	47m
[33813, 33813, 33813, 33813, 73695, 73695, 73695, 73695, 103173, 103173, 167042]	72822361902400542871490612279246	15	4445556777888m	45678m
[33813, 33813, 46137, 74698, 94809]	282854530220174	6	1122333567888p	1234p
[19773, 43095, 43095, 43095, 43095, 97682, 123981]	181871596307170904693	6	1222233444567p	13458p
[33813, 33813, 43095, 43095, 46137, 73695, 73695, 74698, 74698, 103173, 167042]	72822358651567730360443950726350	18	4555666777999p	345678p
[25857, 25857, 56355, 56355, 56355, 73695, 73695, 78897, 127738]	114234176825739139930099232	24	2223334455556p	23467p
[32955, 32955, 32955, 33813, 33813, 33813, 60333, 73695, 73695, 74698, 74698]	68449955817500944754389427840963	18	2233344456777p	2345678p
[33813, 33813, 43095, 46137, 73695, 73695, 103173, 103173]	141893648156797903148750	24	3334445555777m	2346m
[32955, 32955, 33813, 33813, 43095, 46137, 103173]	179139931699436379779	48	4444555666677p	3578p
[33813, 33813, 46137, 73695, 73695, 103173, 103173]	179158646662623599246	6	5557777888999m	689m
[32955, 32955, 32955, 43095, 43095, 72501, 74698, 74698, 74698]	109124636471906524943572931	24	1112334455678m	235689m
[43095, 43095, 46137, 74698, 74698, 94809]	224020807326260866	42	2344567789999m	1478m
[43095, 43095, 43095, 60333, 60333, 78897, 97682, 97682]	140719359262891600048834	24	2223455667888m	13467m
[32955, 32955, 33813, 33813, 33813, 43095, 46137, 73695, 73695, 73695, 73695, 103173]	55827356278955742929116859514822275	24	2223334444555m	12356m
[25857, 56355, 56355, 103173, 127738]	290340716589608	30	3333445555666m	246m
[19773, 19773, 19773, 19773, 60333, 94809, 97682]	177675638336495657213	6	1222333445566m	12356m
[19773, 43095, 43095, 43095, 43095, 60333, 60333, 97682, 97682, 123981]	90352563879412571932994390645	6	3334555567789m	234678m
[19773, 19773, 33813, 33813, 43095, 43095, 43095, 74698]	137772264602379761334077	18	3334567788999m	36789m
[19773, 43095, 43095, 43095, 60333, 78897, 97682, 123981]	144042319867317217659509	6	1223334444555m	1235m
[32955, 32955, 32955, 43095, 43095, 60333, 72501, 74698, 74698]	109124635726822101796577219	12	2344555566789m	134679m
[32955, 32955, 32955, 33813, 33813, 46137, 74698, 94809]	140520175522869960173507	6	3456667778899m	25789m
[25857, 25857, 43095, 43095, 43095, 56355, 56355, 60333, 97682, 97682]	88268183867635132948472147936	6	2223456678999p	134679p
[32955, 32955, 32955, 57122, 57122, 57122]	213417833904307139	36	2233445667788m	258m
[25857, 25857, 32955, 46137, 78897]	278900535191072	24	1233444555566m	246m
[32955, 32955, 43095, 43095, 46137, 60333]	214033586098828163	12	2233344556667p	1458p
[32955, 32955, 43095, 43095, 46137]	261978286683011	18	4556666778888p	3479p
[56355, 56355, 60333, 97682]	357625074995	12	2344567777999s	148s
[32955, 32955, 43095, 43095, 46137, 46137, 60333, 72501, 74698, 74698]	86426711495645288731487564675	6	3455666677889p	24578p
[32955, 32955, 33813, 33813, 57122, 57122, 57122]	169026924453703515779	18	1234455566677m	147m
[60333, 94809, 97682, 97682]	357645802430	12	1111222234567m	347m
[25857, 25857, 56355, 56355, 56355, 78897, 103173, 127738]	144239268957232364195360	30	4445667777888m	4568m
[25857, 25857, 32955, 56355, 56355, 56355, 57122, 78897, 127738]	114234172130242658102026784	12	2223334444567m	123578m
[60333, 78897, 94809, 97682]	357645167246	12	1223444456777p	23p
[60333, 94809]	569342	90	55567888m12234p	3p
[19773, 19773, 19773, 43095, 43095, 43095, 74698, 74698]	137783617557514751926013	18	1112344556677p	147p
[43095, 43095, 46137, 72501, 74698, 74698, 74698]	173969232208303488130	12	3445566788889m	3679m
[25857, 25857, 56355, 56355, 56355, 56355, 78897, 78897, 127738, 127738]	90477958539805638584493510176	18	1112223444456s	123567s
[60333, 94809, 97682]	451572158	6	1112444556677m	23m
[25857, 56355, 56355, 73695, 73695, 127738]	229941201352125992	24	3333444455666p	2567p
[32955, 32955, 60333, 60333, 72501, 74698, 74698]	173969231020484369027	6	4556677889999p	4578p
[19773, 19773, 43095, 60333, 94809]	282845583508541	6	1233344555566p	236p
[25857, 25857, 56355, 56355, 56355, 60333, 94809, 97682]	140719105602688230231584	6	1112234567888p	2358p
[43095, 43095, 60333, 97682]	357625055170	12	2233445557888p	679p
[19773, 19773, 43095, 43095, 56355, 56355, 60333, 60333, 78897, 97682]	88266480948799913068514667581	18	3334445567789p	34568p
[25857, 25857, 56355, 56355, 78897, 127738]	229943158716833312	18	1112344445556m	1567m
[25857, 25857, 32955, 32955, 57122]	269442588381728	18	4455666677889m	3459m
[32955, 32955, 32955, 43095, 43095, 46137, 74698, 74698, 94809]	111291988647866159512510403	24	3334556677789m	24578m
[32955, 32955, 33813, 33813, 46137, 60333, 74698]	173963607664491744899	12	2233344567888s	1234s
[43095, 43095, 56355, 56355, 60333, 97682, 123981]	181871607336489933058	24	2224455556789p	3467p
[25857, 43095, 43095, 60333]	341213319824	24	4455556677788m	689m
[32955, 32955, 32955, 46137, 46137, 60333, 74698]	173963607677903276483	6	1233456778999m	2578m
[32955, 32955, 46137, 46137, 60333, 74698, 74698, 94809]	140520187694965840936259	12	1111223334456p	2356p
[25857, 25857, 32955, 32955, 57122, 57122, 72501]	173222581781049020960	24	1122333456678s	12369s
[43095, 43095, 60333, 60333, 97682, 97682]	224338320718594498	6	1112346777789s	5689s
[32955, 32955, 43095, 43095, 46137, 46137, 74698, 74698, 94809]	111291988647868913747817347	18	1233444456678m	23569m
[19773, 19773, 19773, 19773, 43095, 43095, 60333, 97682]	140711199159516136333565	18	2333444556677s	123467s
[25857, 25857, 46137, 56355, 56355, 57122, 57122, 72501, 78897]	109743288607789681387423136	6	1233455566677p	23567p
[32955, 32955, 33813, 33813, 43095, 43095, 46137, 60333, 73695, 73695, 74698]	68449833203963361451410887696003	12	2223334455567s	134568s
[25857, 56355, 56355, 60333, 97682]	283239059396648	24	2344445555677m	167m
[46137, 60333, 74698, 74698, 94809]	282854554721513	12	2224566777889m	347m
[19773, 19773, 43095, 43095, 56355, 56355, 56355, 60333, 60333, 97682]	88263075108908223285032283197	6	1112223345678m	123469m
[25857, 25857, 32955, 46137, 56355, 56355]	213105810585540128	6	3455566777789s	2456s
[46137, 60333, 74698, 74698, 74698]	277346112961769	6	1113455667789s	2369s
[25857, 25857, 32955, 46137, 56355, 56355, 123981]	181860387812033287712	12	4566677788889m	3567m
[25857, 32955, 32955, 46137, 56355, 57122, 57122]	169026924073654921640	24	5566777788899p	4589p
[43095, 56355, 56355, 60333, 97682, 123981]	229635867849103450	12	5677788889999p	467p
[33813, 33813, 33813, 43095, 43095, 46137, 60333, 73695, 73695, 74698]	86426557075711314963902635982	24	3334455567888m	34568m
[19773, 33813, 33813, 43095, 74698]	277323219042197	6	1233334455666s	456s
[25857, 56355, 73695, 73695, 127738]	290329799686952	6	1112233334444s	125s
[43095, 43095, 43095, 56355, 56355, 60333, 60333, 97682, 97682]	111449727106534789017460930	18	3334455667999m	24578m
[43095, 43095, 56355, 56355, 60333, 97682, 97682]	177675950007652145410	18	3455666677778m	24589m
[19773, 43095, 43095, 43095, 43095, 60333, 78897, 97682, 97682]	111449732536199130355157621	24	4556677778999m	345689m
[25857, 32955, 56355, 56355, 57122, 78897, 127738]	182114982097239175592	18	2333344445556s	1567s
[56355, 56355, 78897, 78897, 78897, 127738, 127738]	182124028544884724915	12	1113444456888m	23567m
[32955, 32955, 46137, 60333, 74698]	277337146182467	12	1122334445667p	568p
[32955, 32955, 43095, 43095, 43095, 60333, 72501, 74698]	137782885872769693975427	6	1122223344556p	13467p
[32955, 32955, 32955, 43095, 43095, 72501, 74698, 74698]	137783630957192826544067	12	1122334555678p	13469p
[19773, 43095, 43095, 43095, 43095, 43095, 60333, 97682, 97682, 97682]	88268190318820690584508779125	6	1233334567888m	12456789m
[25857, 25857, 56355, 56355, 73695, 73695, 78897, 78897, 127738]	114234178059763870555491872	24	3334445567777m	34568m
[56355, 56355, 60333, 60333, 78897, 97682]	224333992657231667	12	2224456678999m	3457m
[25857, 25857, 32955, 32955, 32955, 57122, 72501]	173222562501502861856	6	1112233456789p	12347p
[25857, 25857, 56355, 56355, 56355, 56355, 56355, 78897, 127738, 127738]	90477958533635554277379116576	12	2223455556777p	1234678p
[19773, 43095, 43095, 43095, 43095, 60333, 60333, 78897, 97682]	111447576955545596870609525	12	2223445666678m	23459m
[19773, 43095, 43095, 43095, 60333, 60333, 78897, 94809, 97682, 97682]	88268190128790830314016410229	6	4445667788889p	45679p
[60333, 60333, 97682, 97682, 123981]	289944298289342	6	1111233456888s	2367s
[43095, 43095, 56355, 56355, 97682, 123981]	229635866358704386	6	1222233344445s	1356s
[25857, 25857, 56355, 56355, 56355, 56355, 56355]	168779809089923157536	12	2223333444567p	12458p
[19773, 19773, 43095, 94809]	357110637629	12	1234455666677s	347s
[19773, 33813, 33813, 43095, 43095, 74698]	219639999417327509	18	2344445566777m	1567m
[25857, 25857, 56355, 56355, 56355, 56355, 78897, 127738]	144235065509393037626912	12	2223444555567s	12348s
[32955, 32955, 33813, 33813, 43095, 43095, 46137, 74698, 74698]	109124626833175317870435971	12	2233444566667s	1234578s
[72501, 74698, 103173]	455324669	6	3344455568999s	78s
[33813, 33813, 43095, 46137, 72501, 103173]	226200950503405262	6	6666777888899p	579p
[25857, 43095, 43095, 43095, 56355, 60333, 97682]	177665665340991068816	18	2222334455666s	1457s
[32955, 32955, 32955, 46137, 46137, 57122]	213410348722850243	33	1233445566788s	258s
[43095, 43095, 46137, 74698]	350159986306	6	2344666778899p	145p
[32955, 32955, 43095, 43095, 43095, 72501, 74698, 74698]	137783630957192840971139	6	4555566778899m	34679m
[32955, 32955, 33813, 33813, 43095, 46137]	207486793118965379	12	5566777788889p	4569p
[25857, 25857, 56355, 56355, 60333, 97682, 123981]	181871607336489893408	12	4445555677789m	467m
[32955, 32955, 33813, 33813, 46137, 60333, 103173]	179146478482467835523	24	1123334444555m	1236m
[25857, 25857, 56355, 56355, 56355, 78897, 78897, 127738, 127738]	114239846641168735586422304	36	2223334566667p	234578p
[32955, 32955, 32955, 46137, 60333, 74698, 94809]	177424472320101898691	12	1223334444567m	2358m
[25857, 25857, 25857, 25857, 32955, 32955, 32955, 57122]	133857215531495381148512	18	1112233445566p	1234567p
[25857, 25857, 46137, 78897]	352147119008	12	1123334567888p	123p
[25857, 25857, 46137, 56355, 56355, 57122, 57122, 57122, 123981]	114074670021541181205169568	12	1234566677788s	134678s
[32955, 32955, 33813, 33813, 46137, 60333, 72501, 74698, 74698, 162129]	91821561301385687822563266179	6	1222233344455m	13456m
[19773, 19773, 19773, 43095, 43095, 43095, 60333, 94809, 97682]	111449531629528718914707197	6	1112333445566m	123467m
[25857, 25857, 32955, 56355, 56355, 56355]	213105819527815712	6	2233344445678p	12369p
[25857, 25857, 43095, 43095, 43095, 56355, 56355, 60333, 97682]	111443275912241932310425568	6	1112344555678m	13469m
[43095, 43095, 43095, 94809]	357110698690	12	1111222345678p	369p
[43095, 43095, 56355, 56355, 56355, 60333, 97682]	177665665353426577666	30	2333344456666p	12457p
[32955, 32955, 33813, 33813, 33813, 60333, 72501, 73695, 73695, 74698, 74698]	68449955817504661762753836818051	6	4455566678999p	456789p
[32955, 32955, 32955, 33813, 33813, 46137, 60333, 73695, 73695, 74698, 74698]	68449955817500953168140755724227	18	2233344455556p	123467p
[33813, 33813, 46137, 60333, 72501, 103173]	226200960940450958	6	1112222333455s	345s
[32955, 32955, 33813, 33813, 43095, 43095, 43095, 46137, 74698]	109117001842988585902825091	6	2223334455678s	134569s
[19773, 19773, 43095, 43095, 43095, 43095, 43095, 60333, 97682]	111443269734367114707229757	6	2223444567789p	123458p
[43095, 43095, 56355, 56355, 60333, 78897, 97682]	177672522183037081858	36	2223345567888p	1346p
[25857, 25857, 32955, 32955, 32955, 57122, 57122]	169026905172665074208	18	2233445556677p	25678p
[43095, 43095, 46137, 74698, 74698, 74698]	219658121452543618	24	1113456677889s	2369s
[32955, 32955, 32955, 33813, 33813, 46137, 60333, 74698]	137779177270277461960643	12	1112233344567s	23458s
[43095, 43095, 56355, 56355, 56355, 97682]	224324154661808386	9	2333344455556m	12467m
[32955, 32955, 57122, 57122, 57122, 72501]	218715381067414019	24	1122334567789s	147s
[43095, 43095, 43095, 60333, 97682, 97682, 123981]	181871620322148778690	24	1111233456777m	23568m
[25857, 25857, 56355, 56355, 78897, 123981]	229631538297282080	6	1111222345666m	236m
[25857, 25857, 32955, 32955, 56355, 56355, 57122, 57122, 72501, 78897, 78897, 127738, 162129]	45618855369210228699067022190240072224	6	1233444555666s	23456s
[33813, 33813, 43095, 43095, 46137, 60333, 74698, 162129]	146384230203013664111822	6	1233344555777m	23456m
[32955, 32955, 33813, 33813, 33813, 43095, 46137, 73695, 73695]	108969620494383887164448387	24	2233344445666m	12356m
[43095, 43095, 60333, 78897, 97682]	283249990706626	24	1112344445667m	568m
[19773, 43095, 43095, 43095, 56355, 56355, 97682, 123981]	144042312075626348501621	6	1234555566777p	34678p
[19773, 43095, 43095, 60333, 74698]	277337141809781	24	1123444456678p	17p
[33813, 33813, 46137, 60333, 73695, 73695, 74698, 74698]	137783631598153300329614	18	1122233345777p	12356p
[32955, 32955, 46137, 60333, 94809]	282845587942211	6	1222334455566m	347m
[25857, 25857, 56355, 56355, 56355, 78897]	220896330046705184	18	1112345556666p	1457p
[32955, 32955, 32955, 43095, 43095, 46137, 46137, 74698, 74698, 74698]	86426712076867227707428134851	12	2344445566778s	235689s
[43095, 43095, 60333, 60333, 97682, 123981]	229635867850965442	6	1233444456666p	235p
[25857, 25857, 43095, 43095, 56355, 56355, 60333, 60333, 97682, 97682]	88268183868375552901829017568	18	3455556678999s	34679s
[19773, 19773, 43095, 43095, 43095, 60333, 78897, 97682, 97682]	111449732536199130355096637	18	3334445677889m	345689m
[25857, 56355, 56355, 56355, 57122, 78897, 127738]	182114982097239213608	12	1233334444555p	1256p
[43095, 43095, 60333, 60333, 60333, 97682, 97682, 123981]	144042323295155760492994	6	2224566667789p	34578p
[43095, 43095, 94809, 97682, 97682, 97682]	224338337132838850	6	1234555566667s	13478s
[32955, 32955, 43095, 43095, 46137, 60333, 74698, 74698]	137783626285640768582531	6	1233455677778s	25689s
[32955, 32955, 33813, 33813, 57122, 72501, 73695, 73695, 127738]	114233199483762023247281795	6	1112223334566m	36m
[25857, 25857, 33813, 33813, 56355, 56355, 72501, 73695, 73695, 78897, 78897, 127738]	56750750073451946246585308386040544	6	1112223345666p	12346p
[32955, 32955, 32955, 46137, 46137, 60333, 74698, 74698, 74698]	109124636467234976348735939	12	2344556677778m	235689m
[25857, 56355, 56355, 56355, 78897, 78897, 127738, 127738]	144242230607536282306088	6	1112333345777m	12456m
[19773, 19773, 123981]	462127037	6	4455566678899p	789p
[25857, 25857, 25857, 56355, 56355, 56355, 78897, 123981, 127738]	114239651165107375666607456	6	1112333456777p	12347p
[32955, 32955, 32955, 46137, 60333]	270244412447171	6	1123344455678s	2369s
[19773, 19773, 43095, 43095, 43095, 43095, 43095, 43095, 94809, 94809, 97682, 97682, 97682]	43851026844591450748275580066667060285	3	1112345678999s	123456789s
[25857, 32955, 56355, 57122]	340235397032	24	4455556666778p	489p
[32955, 32955, 46137, 46137, 60333, 74698, 74698, 74698]	137783631903074465086787	6	1112334456789p	23569p
[32955, 32955, 43095, 43095, 43095, 46137, 46137, 72501, 74698, 74698]	86426711490462415159290594179	6	3455667788999p	24578p
[56355, 56355, 123981]	462207923	12	1112222345555p	36p
[25857, 25857, 32955, 32955, 46137, 56355, 56355, 56355, 57122]	106024309039487202756715040	6	1112233345678p	123469p
[32955, 32955, 32955, 46137]	330766219715	12	2234455667788m	369m
[43095, 43095, 46137, 60333, 60333, 72501, 74698]	173968290257310675586	12	1222334456777s	235s
[25857, 32955, 32955, 46137, 56355, 56355, 56355, 57122, 57122, 103173, 127738]	71657068120860582137450271484328	24	4445556666778s	45789s
[19773, 19773, 43095, 43095, 43095, 60333, 60333, 97682, 123981]	114081511905241046125665341	6	2223456667789m	25678m
[32955, 32955, 32955, 33813, 33813, 43095, 43095, 46137, 73695, 73695, 74698, 74698, 103173, 167042]	36177644429955848806916303332263658284995	18	4555666777888p	345679p
[25857, 25857, 25857, 56355, 56355, 56355, 97682]	177664730492120839520	9	3334566678999p	369p
[32955, 32955, 33813, 33813, 33813, 43095, 43095, 72501, 73695, 73695, 74698, 74698, 103173, 162129, 167042]	28653805238928791404500827436001991670701699	6	5556667778999s	456789s
[32955, 32955, 43095, 43095, 44217, 44217, 46137, 60333, 72501, 74698, 74698]	68449955504551067430036867822467	12	1112233344455m	2356m
[32955, 32955, 33813, 33813, 43095, 43095, 46137, 60333, 74698, 162129]	91821557774063163005438418563	6	1233344555666p	23457p
[32955, 32955, 32955, 33813, 33813, 57122, 57122, 73695, 73695]	108969625191750091477837763	18	3344455566678m	369m
[19773, 43095, 43095, 60333, 94809, 97682, 97682]	177675962599850865269	6	1234555666678s	13459s
[25857, 25857, 32955, 32955, 56355, 56355, 78897]	174949893373161374240	12	3333444555678s	24569s
[25857, 25857, 56355, 56355, 56355, 57122, 78897, 127738]	144235065821013457178144	6	4567777888999m	34689m
[32955, 32955, 33813, 33813, 72501, 74698, 103173]	179152101814584282755	6	1222344455566p	1236p
[25857, 25857, 32955, 32955, 56355, 56355, 57122, 57122, 57122, 78897, 127738]	71654983747300245784830914069024	12	1234445556667m	145678m
[32955, 32955, 46137, 60333, 74698, 74698, 74698]	173969232200851573571	6	2333345677889s	12458s
[32955, 32955, 32955, 43095, 43095, 43095, 46137, 60333, 74698]	109121108404300038892609475	6	2344455556678s	134679s
[19773, 43095]	521717	6	1223333445666s	6s
[57122, 72501, 78897]	444658788	6	1233566677788p	34p
[33813, 33813, 43095, 46137, 72501, 162129]	233368220153083598	6	6677788889999p	567p
[56355, 56355, 78897, 127738]	366581150387	12	2223455557888s	679s
[33813, 33813, 43095, 43095, 46137, 74698, 74698, 103173, 162129, 167042]	91950987294714022285870070990	6	1222333444666m	12345m
[19773, 43095, 43095, 56355, 56355, 56355, 97682]	177664730492152242293	6	1112233334567p	12458p
[19773, 43095, 60333, 94809, 97682]	283254958637429	12	1222344556666s	123s
[32955, 57122]	542363	6	1223333444556p	6p
[19773, 43095, 43095, 43095, 43095, 43095, 56355, 56355, 97682, 97682]	88268183281222529889831438965	6	2223456677778m	12345689m
[32955, 32955, 32955, 43095, 43095, 43095, 60333, 74698]	137779175096813663477699	12	2334455666677s	124578s
[32955, 32955, 32955, 43095, 43095, 46137, 46137, 74698, 74698, 94809]	88143255009112179688271339459	6	3334455667789m	24578m
[19773, 43095, 43095, 43095, 43095, 56355, 56355, 94809, 97682, 97682]	88268190122619800128759843445	6	3444455678999p	2356789p
[25857, 25857, 32955, 32955, 78897, 123981, 127738]	182123716888153428512	6	3334567778889m	6789m
[32955, 32955, 57122, 78897]	352159058435	6	1122233346678s	569s
[32955, 32955, 46137, 46137, 60333, 74698, 74698]	173969225108136656195	6	1233445678999m	1245m
[19773, 19773, 56355, 56355]	339738561149	18	2233344456677s	5678s
[19773, 43095, 43095, 60333, 60333, 97682, 123981]	181871607337964630645	6	3455556667789s	2678s
[32955, 32955, 43095, 43095, 43095, 60333, 74698]	173963604920219272067	6	1233456777788s	25689s
[32955, 32955, 43095, 43095, 46137, 74698, 74698, 74698]	137783631894808320504707	24	2333345566778m	12458m
[25857, 25857, 32955, 32955, 56355, 56355, 78897, 127738]	144235065509369161450016	12	3444555678999m	23456m
[19773, 33813, 33813, 43095]	327290552213	6	1122333345666p	126p
[25857, 25857, 56355, 56355, 56355, 56355, 56355, 56355, 127738]	114229285176668051247828512	12	3334567777888s	2345689s
[25857, 25857, 56355, 56355, 56355, 78897, 127738, 162129]	146392381577043002986016	6	1222233444555m	1345m
[25857, 56355, 60333, 94809, 97682]	283254958657256	6	1112234455556s	23s
[56355, 56355, 60333, 94809, 97682]	283254958657331	6	1111222234456m	347m
[32955, 32955, 46137, 46137, 74698, 74698, 74698, 94809]	140520187702048123198787	6	1233444456789m	23569m
[19773, 19773, 19773, 43095, 43095, 43095, 43095, 43095, 60333, 97682]	88263069629618754848125968125	12	3334555667788s	2345689s
[33813, 33813, 46137, 74698, 74698, 94809]	224020807326245006	6	2224567778899m	34789m
[32955, 32955, 32955, 33813, 33813, 33813, 43095, 43095, 73695, 73695, 73695, 73695, 74698, 74698, 103173, 167042]	22692933955711825550687702546468755971421661123	18	3334555666777p	2345678p
[32955, 32955, 33813, 33813, 43095, 43095, 46137, 72501, 74698]	109124040428362769718468227	6	3344555666789p	23457p
[32955, 32955, 32955, 46137, 46137, 74698]	219642757113874883	12	2344455667778m	3689m
[43095, 43095, 78897, 97682]	357638854978	18	1233334444556p	567p
[19773, 43095, 43095, 60333, 94809, 97682]	224337927240905333	12	1234566667778m	3789m
[25857, 25857, 32955, 46137, 56355, 56355, 56355, 56355]	133673608799210215429664	12	2333344455567s	14568s
[32955, 32955, 32955, 43095, 43095, 46137, 60333, 74698, 94809]	111291984205405458390147011	6	3455666677789p	24578p
[60333, 60333, 97682, 123981]	366091259582	6	1111233567888s	234s
[56355, 78897, 127738, 127738]	366599360843	6	1222233334666p	145p
[19773, 19773, 43095, 43095, 43095, 60333, 94809, 97682, 97682, 97682]	88268190326727123869362576445	6	1234567888999p	1346789p
[19773, 43095, 43095, 43095, 43095, 60333, 60333, 78897, 97682, 97682]	88268188168678436613032331893	18	2333344556777p	124567p
[19773, 43095, 43095, 43095, 43095, 60333, 94809, 97682, 97682, 97682]	88268190326727123869362637429	6	1234566667888s	1345789s
[56355, 56355, 60333, 60333, 97682, 123981]	229635867850985267	12	1234444566888p	3567p
[32955, 32955, 32955, 46137, 72501, 74698, 74698]	173969231010019723715	12	1122334445678s	35689s
[33813, 33813, 43095, 43095, 46137, 60333, 73695, 73695, 74698]	109124440752160751217048782	12	3455566777999s	245678s
[19773, 19773, 33813, 33813, 43095, 43095, 74698, 74698, 74698]	109124636458506836968847165	18	3456667788999p	36789p
[32955, 32955, 32955, 46137, 60333, 74698, 74698, 74698]	137783631903074446268867	12	2334456777789m	235689m
[33813, 33813, 33813, 43095, 46137, 72501, 73695, 73695, 103173, 162129]	91824812134696464988486733774	6	6667778888999s	5679s
[74698, 74698, 94809]	450933824	6	1233456666789s	39s
[25857, 25857, 56355, 78897, 127738]	290332271047712	6	4445677778889m	489m
[43095, 43095, 43095, 60333, 94809, 97682, 97682, 97682]	140719362703306939134658	24	1112345677778p	235689p
[43095, 56355, 56355, 56355, 60333, 97682]	224325335042205274	18	2222333344456p	1457p
[43095, 43095, 60333, 60333]	341230883266	18	1123344456777s	25s
[46137, 74698, 74698]	442152089	6	1234666778899m	145m
[32955, 32955, 32955, 43095, 43095, 60333, 74698, 94809]	140520182074777909125059	6	4455556677889p	34679p
[43095, 43095, 43095, 56355, 56355, 97682]	224324154646126786	12	3444455678888p	23569p
[43095, 43095, 97682, 97682, 123981]	289944298267138	6	4567788889999s	3467s
[32955, 56355, 57122, 127738]	366566096003	12	6666777788889s	59s
[56355, 56355, 60333, 60333, 94809, 97682, 97682]	177675962599868448563	6	1222234456666s	13457s
[25857, 25857, 32955, 56355, 56355, 57122, 78897, 123981, 127738]	114239651165418996103094816	6	1234444555666m	13567m
[25857, 25857, 43095, 43095, 56355, 56355, 60333, 97682, 97682]	111449727105599915338940384	12	3444456678999p	23569p
[19773, 43095, 43095, 43095, 78897, 94809, 97682]	177675647030919850613	6	3334444556789s	3567s
[25857, 25857, 32955, 32955, 56355, 56355]	213105795681747488	6	2333344455678s	14569s
[25857, 25857, 56355, 56355, 56355, 94809, 97682]	177675637206852177440	6	3334567888899s	3679s
[25857, 25857, 32955, 32955, 32955, 56355, 56355, 57122, 57122, 73695, 73695, 78897, 78897, 127738]	35597702494073758978828770455956618805792	18	2344555666777m	134567m
[25857, 56355, 78897, 78897, 127738]	290332286788712	6	3335666777789s	456s
[43095, 43095, 43095, 60333, 94809, 97682, 97682]	177675962599850865346	12	2345556788889p	14679p
[43095, 43095, 43095, 72501, 74698, 94809]	224020805831490754	6	1234567888899p	3679p
[57122, 78897]	561420	6	1345677788899p	12p
[43095, 43095, 46137, 74698, 94809]	282854530236034	6	1122334444566s	356s
[25857, 25857, 72501]	440194208	6	1122345678999p	123p
[25857, 25857, 25857, 56355, 56355, 56355, 56355, 56355, 56355, 78897, 127738, 127738]	56753566181642372318245971439891808	12	3334567888999p	23456789p
[19773, 19773, 43095, 43095, 43095, 60333, 94809, 97682]	140719105592839291558973	12	1222345678999m	12369m
[32955, 32955, 33813, 33813, 43095, 43095, 46137, 72501, 74698, 74698]	86426711490460233806405328515	6	3344555678999s	234578s
[56355, 56355, 78897, 78897, 123981, 127738, 127738]	182124039561768244403	6	1112344445777p	2356p
[32955, 32955, 46137, 72501, 74698, 74698, 74698, 94809]	140520187702066007749955	6	1233455556789m	34679m
[25857, 25857, 32955, 56355, 56355, 57122, 78897, 127738]	144235065821013427069472	6	4555666777789p	3456p
[33813, 33813, 73695, 73695, 78897, 123981, 127738]	182123716921978036238	6	5556666788999s	578s
[19773, 19773, 19773, 43095, 43095, 43095, 43095, 60333, 94809, 97682]	88268029050586745418701168381	6	1122334445666m	134567m
[32955, 32955, 33813, 33813, 43095, 43095, 46137, 74698, 94809]	111291979020353287543217795	6	3334445566789m	24567m
[25857, 43095, 43095, 56355, 56355, 97682]	224324154646126736	12	3344445666678p	2359p
[19773, 19773, 43095, 43095, 74698, 74698, 94809]	177424479398920993853	6	1112344567789p	147p
[25857, 25857, 56355, 56355, 78897, 78897, 127738, 162129]	146392381586879506128416	6	1111233444555m	2345m
[25857, 25857, 56355, 56355, 56355, 123981]	229621701794139680	6	1112222333456s	1347s
[32955, 32955, 32955, 60333, 60333, 74698, 74698]	173969225118550493123	18	3445566778888s	34679s
[25857, 25857, 46137, 78897, 123981]	289938799631264	6	3334555677789p	567p
[32955, 32955, 32955, 33813, 33813, 43095, 43095, 46137, 74698]	109117001842980716698429379	6	2345556667788p	146789p
[46137, 74698, 103173]	455324633	12	2224677788899s	345s
[25857, 25857, 56355, 56355, 56355, 56355, 78897, 123981, 127738, 127738]	90477964012917222367245209120	6	1112344445666s	123567s
[46137, 72501, 74698, 74698, 74698, 94809]	224020807350758225	6	1233456788889p	3679p
[32955, 32955, 32955, 43095, 43095, 46137, 46137, 60333, 74698, 74698]	86426708558438352418516328387	6	2344555566778s	134679s
[19773, 43095, 43095, 43095, 60333, 78897, 94809, 97682, 97682]	111449735011099519314561653	6	4445555667789s	46789s
[43095, 43095, 46137, 60333, 72501]	276156765823618	6	1122233445556s	347s
[60333, 60333, 94809, 97682, 97682]	283255475525246	6	1222234678999p	1345p
[25857, 25857, 32955, 32955, 57122, 57122, 57122, 78897, 123981, 127738]	90477803723012156927547707936	6	1222333444567s	12347s
[19773, 19773, 43095, 43095, 43095]	259224065760317	12	2233444455567s	1258s
[32955, 32955, 43095, 43095, 72501, 74698, 74698, 94809]	140520187700864260879235	6	1234555566789s	34679s
[56355, 56355, 78897, 123981]	366084357299	6	3335555666789p	47p
[32955, 32955, 33813, 33813, 43095, 43095, 46137, 72501, 74698, 74698, 103173, 162129, 167042]	45680614922789752246883593387320172163	6	1222333444555p	12346p
[32955, 32955, 46137, 46137, 57122, 72501]	218715371616427331	6	1223344556667s	36s
[19773, 19773, 19773, 19773, 43095, 43095, 44217, 44217, 60333, 60333, 97682, 123981]	56674906583114049834372682610237693	6	1122333444555s	12345s
[43095, 43095, 56355, 56355, 60333, 78897, 94809, 97682]	140719112459517840775426	6	3335566667789s	4578s
[25857, 25857, 56355, 56355, 60333, 97682]	224325335042145824	6	1112346678999s	569s
[25857, 46137]	527288	6	5567777889999m	56m
[46137, 74698, 74698, 74698, 94809]	282854554735769	6	1234567789999p	1478p
[19773, 19773, 43095, 43095, 56355, 56355, 60333, 60333, 94809, 97682, 97682]	69908406577702034724989793627197	6	4445556677889s	45679s
[19773, 43095, 43095, 56355, 56355, 60333, 60333, 97682]	140711207894775108165749	6	2344445556678p	15679p
[46137, 60333, 72501, 74698, 74698, 74698]	219658121475147305	6	1222234566778p	1347p
[19773, 43095, 43095, 43095, 60333, 60333, 78897, 97682, 123981]	114081517334926253269912181	6	5556777889999s	5678s
[32955, 32955, 32955, 60333, 74698, 74698, 94809]	177424479412816816067	6	1222233455667m	13467m
[32955, 32955, 32955, 33813, 33813, 57122]	213399711886043075	18	1123455566677s	147s
[32955, 32955, 43095, 43095, 43095, 46137, 60333, 72501, 74698]	109124045613414940579824515	6	3455566667789s	24578s
[19773, 43095, 43095, 60333, 97682, 97682]	224338320701031029	6	2345666777789s	12456s
[19773, 19773, 43095, 43095, 43095, 43095, 94809, 94809, 97682]	111449539527236632069430333	3	1234445666789s	34567s
[25857, 25857, 32955, 32955, 46137, 57122]	213410333819036192	6	5556677778899s	5689s
[43095, 43095, 56355, 56355, 60333, 60333, 60333, 97682, 97682]	111449727106535969413519618	6	1113455556678s	234679s
[32955, 32955, 43095, 43095, 46137, 72501, 74698, 74698, 74698]	109124636471909279178879875	6	1122334555567s	13467s
[19773, 19773, 43095, 43095, 60333, 60333, 94809, 97682]	140719105603856175078461	6	4445566778889s	4789s
[32955, 32955, 32955, 43095, 43095, 43095, 46137, 46137, 74698, 74698]	86426704453602483238515695555	6	2344556677888s	134679s
[25857, 25857, 32955, 56355, 56355, 72501, 78897]	174955502564559364640	6	4444555666789s	3567s
[25857, 25857, 46137, 56355, 56355, 56355, 56355, 57122, 57122, 57122]	83971407765618276222341563808	3	2344455566678s	1245689s
[56355, 56355, 56355, 97682]	357623193203	6	1122223333456s	147s
[19773, 43095, 43095, 43095, 56355, 56355, 56355, 97682]	140710466549784575957621	6	2223344445678p	123569p
[78897, 123981, 127738]	462877188	6	3334566668999s	78s
[25857, 25857, 57122, 57122, 57122, 72501]	218715381067392608	6	1122333456789p	12369p
[19773, 19773, 43095, 43095, 43095, 56355, 56355, 60333, 60333, 97682]	88263075108908213448529140797	6	1112345556678p	145679p
[43095, 43095, 43095, 60333, 72501, 74698]	219656932125500098	6	2344567888899s	3679s
[25857, 25857, 32955, 32955, 46137, 57122, 57122, 123981]	144033674262123084931616	6	1233344555678p	23458p
[25857, 25857, 32955, 57122]	340205266976	6	4556677778899p	489p
[32955, 32955, 43095, 43095, 46137, 60333, 74698]	173963607674440151939	6	2334445678999m	1245m
[43095, 43095, 43095, 60333, 60333, 97682, 97682, 123981]	144042323295155742929602	6	3334566667789m	24578m
[32955, 32955, 32955, 72501, 74698, 74698, 74698, 94809]	140520187702065988932035	6	1234567788889p	134679p
[32955, 32955, 33813, 33813, 33813, 46137, 73695, 73695, 73695, 73695, 103173]	70489086210802705710712690810499	6	1112223333444m	1245m
[19773, 43095, 43095, 43095, 43095, 56355, 56355, 60333, 60333, 97682, 97682]	69908401623753437898248613317237	6	2223444456678m	1235679m
[19773, 19773, 43095, 43095, 43095, 43095, 43095, 60333, 60333, 78897, 97682]	69907052911443353275446061849661	12	2223456778999m	256789m
[32955, 32955, 32955, 46137, 46137, 60333, 74698, 74698, 94809]	111291988654412946021517763	6	3445566667789p	24578p
[25857, 25857, 32955, 46137]	330766198304	6	1122333345567m	126m
[32955, 32955, 32955, 43095, 43095, 74698, 74698, 94809]	140520187683945461047235	6	1222233445566m	13467m
[32955, 32955, 32955, 60333, 72501, 74698]	219656932111054787	6	1223333456789m	1247m
[32955, 32955, 46137, 60333, 74698, 94809]	224020798383967043	6	1223334567888m	134m
[19773, 43095, 43095, 43095, 56355, 56355, 60333, 60333, 97682, 97682]	88268183868375552901829057141	6	1112333345567m	124568m
[19773, 19773, 19773, 19773, 94809]	282793371934973	6	1233344556677m	3467m
[25857, 56355, 103173, 127738]	366591813800	6	1111223333444m	24m
[25857, 25857, 43095, 43095, 56355, 56355, 94809, 97682, 97682]	111449735003307828445364192	6	1234455556777s	13467s
[25857, 25857, 32955, 32955, 123981]	289902514917920	6	3456677788889m	2567m
[32955, 32955, 43095, 46137]	330780646787	12	1223333445555p	146p
[56355, 56355, 78897, 127738, 127738]	290346693788339	18	4555566667999m	3478m
[60333, 74698, 74698]	442152110	12	1234444566778p	17p
[43095, 43095, 43095, 43095, 60333, 60333, 97682, 97682, 97682]	111449735251047242369010370	6	2344445666678p	1235789p
[19773, 19773, 43095, 43095, 43095, 94809, 94809, 97682]	140719115564692717198397	6	1234567778999p	36789p
[19773, 43095, 43095, 43095, 43095, 43095, 60333, 94809, 97682, 97682, 97682]	69908406738767882104535208905333	6	1112345666678p	12345789p
[56355, 56355, 60333, 60333, 97682]	283239061278515	6	1112346678888s	5679s
[43095, 43095, 56355, 56355, 60333, 60333, 94809, 97682, 97682]	111449735004243882519943426	12	1112233445777s	2356s
[19773, 43095, 43095, 43095, 43095, 60333, 97682, 97682, 97682]	111449735251036225485490805	6	1112333345678s	1245689s
[43095, 43095, 60333, 97682, 97682, 123981]	229635884245137346	6	1233444455556s	2367s
[25857, 25857, 44217, 44217, 56355, 56355, 60333, 94809, 97682, 97682]	88268190123360220083608934560	6	5556677888999p	5678p
[57122, 57122, 78897]	444645324	6	1122233346789s	569s
[33813, 33813, 43095, 43095, 46137, 72501, 74698, 74698]	137783630959947061853390	6	4455666788889s	345679s
[25857, 25857, 32955, 32955, 46137, 56355, 56355, 57122, 57122, 78897]	86914052792323901083354194464	12	2233344456678p	234679p
[56355, 78897, 127738, 162129]	372064084811	6	5557788889999p	67p
[19773, 19773, 43095, 43095, 43095, 60333, 60333, 97682, 97682, 123981]	90352563879412571932994329661	6	1233456777888p	235678p
[32955, 32955, 33813, 33813, 46137, 60333, 72501, 74698]	137782885875513966448259	6	3334455566789s	4567s
[78897, 78897]	561444	12	2223457777999p	68p
[32955, 32955, 33813, 33813, 46137, 46137, 74698, 74698, 94809]	111291988647868903799410307	6	4566667778899s	45789s
[25857, 25857, 25857, 25857, 32955, 32955, 57122, 72501]	137192269501176853177184	6	1122334455666s	123456s
[25857, 25857, 56355, 56355, 78897, 78897, 123981, 127738, 127738]	114239853551672996057685536	6	1222234555666p	13456p
[46137, 60333, 72501, 74698]	350182589993	6	1223444556677s	23s
[25857, 25857, 56355, 56355, 56355, 56355, 123981]	181860387821005671968	6	1234445555666s	3467s
[19773, 19773, 43095, 43095, 56355, 56355, 60333, 60333, 97682, 123981]	90352557428958708878567173181	6	2223334456789s	23457s
[43095, 56355, 56355, 60333, 97682, 97682]	224338320716732506	6	4566777788889s	3569s
[25857, 60333, 94809]	450919472	6	5566667788899s	79s
[19773, 43095, 43095, 43095, 60333, 60333, 78897, 97682]	140716637570133329382005	6	3334556777789s	3456s
[32955, 32955, 33813, 33813, 46137, 60333, 72501, 73695, 73695, 74698, 74698]	68449955817504661773377260211843	6	1122233344445p	12356p
[19773, 43095, 43095, 43095, 43095, 56355, 56355, 97682]	140710466539948072815221	6	2333344555678p	124569p
[33813, 33813, 43095, 43095, 46137, 74698]	219642753650752718	6	2233444678999p	12345p
[19773, 33813, 33813, 43095, 74698, 103173, 162129]	184835124596256341909	6	6667778889999s	678s
[25857, 25857, 32955, 72501, 78897]	278918419742240	6	3344445556789s	357s
[25857, 25857, 32955, 56355, 56355, 123981]	229621701764031008	6	3344455556789m	2347m
[25857, 25857, 56355, 56355, 56355, 56355, 78897, 127738, 127738]	114239846633378225097641504	6	1112333345666m	124567m
[60333, 60333, 94809, 97682, 97682, 97682]	224338337132861054	6	1113456788889s	23679s
[19773, 19773, 43095, 43095, 43095, 60333, 94809, 97682, 97682]	111449735004232853200854077	6	1112345556789s	145679s
[25857, 25857, 25857, 56355, 56355, 56355, 56355, 78897, 123981, 127738]	90477803722765041565212587360	6	3334445666789p	34567p
[25857, 56355, 56355, 127738, 162129]	294674739489320	6	6667788889999p	567p
[33813, 33813, 43095, 43095, 46137, 74698, 94809]	177424464053976136910	6	1234455666888p	34567p
[32955, 32955, 32955, 33813, 33813, 43095, 43095, 46137, 74698, 74698]	86426704451874851753385289667	6	2223456667788p	1346789p
[25857, 25857, 43095, 43095, 56355, 56355, 60333, 94809, 97682]	111449531637329065954951136	6	1234445567888s	3568s

## Wait tile count distribution
1 wait tile kinds: 26527329
2 wait tile kinds: 25337340
3 wait tile kinds: 2549634
4 wait tile kinds: 271155
5 wait tile kinds: 56145
6 wait tile kinds: 4686
7 wait tile kinds: 471
8 wait tile kinds: 282
9 wait tile kinds: 3
10 wait tile kinds: 0
11 wait tile kinds: 0
12 wait tile kinds: 0
13 wait tile kinds: 0
14 wait tile kinds: 0
15 wait tile kinds: 0
16 wait tile kinds: 0
17 wait tile kinds: 0
18 wait tile kinds: 0
19 wait tile kinds: 0
20 wait tile kinds: 0
21 wait tile kinds: 0
22 wait tile kinds: 0
23 wait tile kinds: 0
24 wait tile kinds: 0
25 wait tile kinds: 0
26 wait tile kinds: 0
27 wait tile kinds: 0
28 wait tile kinds: 0
29 wait tile kinds: 0
30 wait tile kinds: 0
31 wait tile kinds: 0
32 wait tile kinds: 0
33 wait tile kinds: 0
34 wait tile kinds: 0

calculationElapsedMs: 33144433
